IndexStep,TimeStep,LevelBefore,LevelAfter,StepSize,DwellTimeStepBefore,DwellTimeStepAfter,StepError
63,63,0.465465238095238,0.584001764705882,0.118536526610644,62,17,0.0390530306444345
80,80,0.584001764705882,1.10331428571429,0.519312521008403,17,7,0.0447449393904181
87,87,1.10331428571429,0.48746338028169,-0.615850905432596,7,71,0.026965406479771
158,158,0.48746338028169,0.624122133333333,0.136658753051643,71,75,0.0172976193920156
233,233,0.624122133333333,0.253625,-0.370497133333333,75,2,0.10389920379481
235,235,0.253625,0.363729338235294,0.110104338235294,2,272,0.103137472492443
507,507,0.363729338235294,0.483390526315789,0.119661188080495,272,114,0.0160921267989242
621,621,0.483390526315789,0.6347,0.151309473684211,114,8,0.0320672153218443
629,629,0.6347,0.48868,-0.14602,8,6,0.0565825282136422
635,635,0.48868,0.375852307692308,-0.112827692307692,6,13,0.0596584229122653
648,648,0.375852307692308,0.628557916666667,0.252705608974359,13,48,0.0372935174814199
696,696,0.628557916666667,0.3298278125,-0.298730104166667,48,32,0.0212338450593958
728,728,0.3298278125,0.613506842105263,0.283679029605263,32,19,0.0377257355903534
747,747,0.613506842105263,0.333024369747899,-0.280482472357364,19,119,0.0353744787178796
866,866,0.333024369747899,0.624536666666667,0.291512296918767,119,12,0.0308702726155836
878,878,0.624536666666667,0.341267,-0.283269666666667,12,20,0.0348082296278112
898,898,0.341267,0.661678888888889,0.320411888888889,20,54,0.023406005814764
952,952,0.661678888888889,0.750875,0.0891961111111111,54,2,0.024192348585772
954,954,0.750875,0.45691375,-0.29396125,2,128,0.0219671838015989
1082,1082,0.45691375,0.621090508474576,0.164176758474576,128,59,0.0163586588201076
1141,1141,0.621090508474576,0.483065454545454,-0.138025053929122,59,33,0.0235369360062234
1174,1174,0.483065454545454,0.388398837209302,-0.0946666173361522,33,86,0.024189315455863
1260,1260,0.388398837209302,0.486164776119403,0.0977659389101007,86,67,0.0184442018796358
1327,1327,0.486164776119403,0.552289375,0.0661245988805971,67,32,0.0244758246718529
1359,1359,0.552289375,1.04395142857143,0.491662053571429,32,7,0.0485937770203357
1366,1366,1.04395142857143,0.555357777777778,-0.488593650793651,7,9,0.0534284443087171
1375,1375,0.555357777777778,1.1056,0.550242222222222,9,2,0.0307389978109201
1377,1377,1.1056,0.42983,-0.67577,2,6,0.0471409017025909
1383,1383,0.42983,0.574931638418079,0.145101638418079,6,177,0.0476697192682485
1560,1560,0.574931638418079,0.49926,-0.0756716384180791,177,2,0.101159691190613
1562,1562,0.49926,0.67256,0.1733,2,3,0.107332005167766
1565,1565,0.67256,1.04685333333333,0.374293333333333,3,6,0.0514360241249047
1571,1571,1.04685333333333,0.587069545454546,-0.459783787878787,6,44,0.0391187583627307
1615,1615,0.587069545454546,1.15265,0.565580454545454,44,2,0.0384987845444147
1617,1617,1.15265,0.643726666666667,-0.508923333333333,2,3,0.072056181167506
1620,1620,0.643726666666667,0.523074081632653,-0.120652585034014,3,98,0.0650124706527149
1718,1718,0.523074081632653,1.0925,0.569425918367347,98,2,0.0534907290651909
1720,1720,1.0925,0.306671428571429,-0.785828571428571,2,7,0.0654742621083999
1727,1727,0.306671428571429,0.464170833333333,0.157499404761905,7,48,0.0450359737297422
1775,1775,0.464170833333333,0.698252857142857,0.234082023809524,48,28,0.0274757111744241
1803,1803,0.698252857142857,0.450365510204082,-0.247887346938775,28,49,0.024237165597564
1852,1852,0.450365510204082,0.659267777777778,0.208902267573696,49,18,0.0365705864801784
1870,1870,0.659267777777778,0.434713188976378,-0.2245545888014,18,254,0.0349259454108979
2124,2124,0.434713188976378,0.692355454545455,0.257642265569077,254,11,0.0373960319488934
2135,2135,0.692355454545455,0.391105051020408,-0.301250403525046,11,196,0.0376423258051733
2331,2331,0.391105051020408,0.346763333333333,-0.0443417176870748,196,12,0.0289653112784758
2343,2343,0.346763333333333,0.44604,0.0992766666666666,12,5,0.0618995874041829
2348,2348,0.44604,1.05723333333333,0.611193333333333,5,3,0.0554551610262241
2351,2351,1.05723333333333,0.676754938271605,-0.380478395061728,3,81,0.0109944726018586
2432,2432,0.676754938271605,0.385297222222222,-0.291457716049383,81,36,0.020416754377034
2468,2468,0.385297222222222,0.483593157894737,0.0982959356725145,36,19,0.0356142885452075
2487,2487,0.483593157894737,0.610994615384616,0.127401457489879,19,13,0.0650789614190584
2500,2500,0.610994615384616,0.470825054945055,-0.140169560439561,13,91,0.0595235369936348
2591,2591,0.470825054945055,0.563075,0.0922499450549453,91,4,0.0635251042986449
2595,2595,0.563075,0.41677,-0.146305,4,3,0.09961972445254
2598,2598,0.41677,0.744223414634146,0.327453414634146,3,41,0.0799384075182738
2639,2639,0.744223414634146,0.49695625,-0.247267164634146,41,24,0.0245953060043026
2663,2663,0.49695625,0.731339666666667,0.234383416666667,24,30,0.0254147303914945
2693,2693,0.731339666666667,0.487660925925926,-0.243678740740741,30,54,0.021349372536558
2747,2747,0.487660925925926,0.744342727272727,0.256681801346801,54,22,0.0240549583332803
2769,2769,0.744342727272727,0.48113,-0.263212727272727,22,13,0.0313114767830713
2782,2782,0.48113,0.72845125,0.24732125,13,8,0.051268360553033
2790,2790,0.72845125,0.539778,-0.18867325,8,10,0.0555438025519728
2800,2800,0.539778,0.495554347826087,-0.044223652173913,10,92,0.0338844999413509
2892,2892,0.495554347826087,0.7144425,0.218888152173913,92,4,0.0928991172948608
2896,2896,0.7144425,0.550960153846154,-0.163482346153846,4,65,0.0934664822702732
2961,2961,0.550960153846154,0.457265,-0.0936951538461539,65,2,0.0461823665805391
2963,2963,0.457265,1.055267,0.598002,2,10,0.0689388165001724
2973,2973,1.055267,0.595661071428571,-0.459605928571429,10,28,0.0550960810517273
3001,3001,0.595661071428571,0.5428408,-0.052820271428571,28,150,0.0161407948032892
3151,3151,0.5428408,0.451970552147239,-0.0908702478527614,150,163,0.0124655598676299
3314,3314,0.451970552147239,0.387895357142857,-0.0640751950043817,163,28,0.0215491585130584
3342,3342,0.387895357142857,0.737208091603053,0.349312734460196,28,131,0.0216535751034393
3473,3473,0.737208091603053,0.644803333333333,-0.0924047582697198,131,3,0.077414549963144
3476,3476,0.644803333333333,0.39712023255814,-0.247683100775194,3,43,0.0779785170257103
3519,3519,0.39712023255814,0.73777,0.34064976744186,43,10,0.0341626739419257
3529,3529,0.73777,0.398932608695652,-0.338837391304348,10,23,0.0380040496100669
3552,3552,0.398932608695652,0.751389285714286,0.352456677018634,23,14,0.0361250184070576
3566,3566,0.751389285714286,0.399190348837209,-0.352198936877077,14,86,0.0313534519366492
3652,3652,0.399190348837209,0.508359615384616,0.109169266547407,86,78,0.0191464872913885
3730,3730,0.508359615384616,0.431493770491803,-0.0768658448928122,78,366,0.0168525851362864
4096,4096,0.431493770491803,0.460025217391304,0.028531446899501,366,23,0.0224417683235215
4119,4119,0.460025217391304,0.40448384,-0.0555413773913043,23,125,0.0227290939622651
4244,4244,0.40448384,0.507160606060606,0.102676766060606,125,33,0.0171145109974645
4277,4277,0.507160606060606,0.7137,0.206539393939394,33,2,0.0968340941708729
4279,4279,0.7137,0.321695172413793,-0.392004827586207,2,29,0.0996341850380568
4308,4308,0.321695172413793,0.54708976744186,0.225394595028067,29,129,0.0297386188203872
4437,4437,0.54708976744186,0.348728947368421,-0.198360820073439,129,19,0.0221532215356843
4456,4456,0.348728947368421,0.9805525,0.631823552631579,19,4,0.0580590494949973
4460,4460,0.9805525,0.356914375,-0.623638125,4,16,0.0604082289777574
4476,4476,0.356914375,0.657635945945946,0.300721570945946,16,37,0.0306991815224406
4513,4513,0.657635945945946,0.253524,-0.404111945945946,37,5,0.0577913165356059
4518,4518,0.253524,0.586378,0.332854,5,5,0.131858743509864
4523,4523,0.586378,0.406696629213483,-0.179681370786517,5,178,0.11989953698175
4701,4701,0.406696629213483,0.539967272727273,0.133270643513789,178,11,0.025141454149183
4712,4712,0.539967272727273,0.6972196,0.157252327272727,11,25,0.0310765809939069
4737,4737,0.6972196,0.282725714285714,-0.414493885714286,25,42,0.0292290746313511
4779,4779,0.282725714285714,0.687585769230769,0.404860054945055,42,26,0.0294634619859687
4805,4805,0.687585769230769,0.512885,-0.174700769230769,26,2,0.242301905090255
4807,4807,0.512885,0.281654485981308,-0.231230514018692,2,107,0.241754119519766
4914,4914,0.281654485981308,0.421918666666667,0.140264180685358,107,15,0.031723070566614
4929,4929,0.421918666666667,1.05804588235294,0.636127215686275,15,17,0.0512376630354522
4946,4946,1.05804588235294,0.692461842105263,-0.365584040247678,17,38,0.0459761265286141
4984,4984,0.692461842105263,0.472646481481481,-0.219815360623782,38,108,0.021657939370427
5092,5092,0.472646481481481,0.293386363636364,-0.179260117845118,108,55,0.0179374013234078
5147,5147,0.293386363636364,0.400941073825503,0.10755471018914,55,149,0.0177716406169794
5296,5296,0.400941073825503,0.623421935483871,0.222480861658367,149,62,0.0182115960337308
5358,5358,0.623421935483871,0.383118942307692,-0.240302993176179,62,104,0.017725797443073
5462,5462,0.383118942307692,0.585318493150685,0.202199550842993,104,73,0.0175728855762992
5535,5535,0.585318493150685,0.505668356164384,-0.0796501369863013,73,292,0.0162723276518747
5827,5827,0.505668356164384,0.619391595744681,0.113723239580297,292,94,0.0153639559982959
5921,5921,0.619391595744681,0.910268,0.290876404255319,94,15,0.0244117520055409
5936,5936,0.910268,0.635863580246913,-0.274404419753087,15,81,0.0249052281554949
6017,6017,0.635863580246913,0.3791101,-0.256753480246914,81,100,0.0211841840186498
6117,6117,0.3791101,0.703492222222222,0.324382122222222,100,18,0.0317307977011623
6135,6135,0.703492222222222,0.378911388888889,-0.324580833333333,18,36,0.0336945778028771
6171,6171,0.378911388888889,0.484249366666667,0.105337977777778,36,300,0.0203817195292225
6471,6471,0.484249366666667,0.604637111111111,0.120387744444444,300,90,0.0131826297566076
6561,6561,0.604637111111111,0.661087619047619,0.0564505079365077,90,21,0.0348916277590495
6582,6582,0.661087619047619,0.435449215686274,-0.225638403361344,21,153,0.034231131483058
6735,6735,0.435449215686274,0.336419510489511,-0.099029705196764,153,143,0.0137200080352786
6878,6878,0.336419510489511,0.424435306122449,0.0880157956329384,143,49,0.0153838568155103
6927,6927,0.424435306122449,0.49968,0.075244693877551,49,3,0.0422053081345059
6930,6930,0.49968,0.644319444444444,0.144639444444444,3,72,0.0422326402907681
7002,7002,0.644319444444444,0.481375238095238,-0.162944206349206,72,21,0.0160831365829753
7023,7023,0.481375238095238,0.9285975,0.447222261904762,21,4,0.0317944659977786
7027,7027,0.9285975,0.4706015,-0.457996,4,80,0.030648375322473
7107,7107,0.4706015,0.5312475,0.0606460000000001,80,8,0.0262194170216424
7115,7115,0.5312475,0.74122875,0.20998125,8,8,0.0321591567025852
7123,7123,0.74122875,0.506623076923077,-0.234605673076923,8,39,0.0288838071775767
7162,7162,0.506623076923077,0.691316111111111,0.184693034188034,39,18,0.0322682582408165
7180,7180,0.691316111111111,0.384210833333333,-0.307105277777778,18,60,0.028318087493434
7240,7240,0.384210833333333,0.448776461538462,0.0645656282051284,60,65,0.0196523115134455
7305,7305,0.448776461538462,0.643403142857143,0.194626681318681,65,35,0.0339166582366843
7340,7340,0.643403142857143,0.479863855421687,-0.163539287435456,35,83,0.0355411986891377
7423,7423,0.479863855421687,0.600089578947368,0.120225723525681,83,95,0.0209694927822497
7518,7518,0.600089578947368,0.4975771875,-0.102512391447368,95,64,0.018473000637258
7582,7582,0.4975771875,0.543842647058824,0.0462654595588237,64,544,0.0154107219033106
8126,8126,0.543842647058824,0.432076444444445,-0.111766202614379,544,90,0.00948346762796924
8216,8216,0.432076444444445,0.523648780487805,0.0915723360433602,90,205,0.0104045805235961
8421,8421,0.523648780487805,0.334355263157895,-0.18929351732991,205,57,0.0140820601584955
8478,8478,0.334355263157895,0.520861525423729,0.186506262265834,57,118,0.0180155021725889
8596,8596,0.520861525423729,0.350475,-0.170386525423729,118,2,0.144628447663805
8598,8598,0.350475,0.477844571428572,0.127369571428572,2,35,0.1463278059978
8633,8633,0.477844571428572,0.426483740458015,-0.0513608309705565,35,131,0.0274164338933612
8764,8764,0.426483740458015,0.471228347107438,0.0447446066494229,131,121,0.0153061568638607
8885,8885,0.471228347107438,0.5094325,0.038204152892562,121,4,0.0473423234570123
8889,8889,0.5094325,0.6238,0.1143675,4,22,0.0505143818694176
8911,8911,0.6238,0.492337333333333,-0.131462666666667,22,30,0.0301174917330311
8941,8941,0.492337333333333,0.624172083333333,0.13183475,30,48,0.0292594632536992
8989,8989,0.624172083333333,0.486769075630252,-0.137403007703081,48,119,0.0222016808960288
9108,9108,0.486769075630252,0.39547875,-0.0912903256302522,119,16,0.0304611193480754
9124,9124,0.39547875,0.515805423728814,0.120326673728814,16,59,0.0309628467717352
9183,9183,0.515805423728814,1.0459,0.530094576271187,59,4,0.0464283400230213
9187,9187,1.0459,0.403840724637681,-0.642059275362319,4,69,0.0478813766588315
9256,9256,0.403840724637681,0.510114117647059,0.106273393009378,69,34,0.0237888309707965
9290,9290,0.510114117647059,0.438774117647059,-0.0713400000000002,34,204,0.0186320651066475
9494,9494,0.438774117647059,0.543953930635838,0.105179812988779,204,173,0.0111265952497523
9667,9667,0.543953930635838,0.6339975,0.0900435693641619,173,4,0.0543521904948858
9671,9671,0.6339975,0.478317564102564,-0.155679935897436,4,78,0.0547244817792772
9749,9749,0.478317564102564,0.741413863636364,0.263096299533799,78,44,0.0211615218056912
9793,9793,0.741413863636364,1.006324375,0.264910511363637,44,32,0.0341156731968468
9825,9825,1.006324375,0.728451470588235,-0.277872904411765,32,34,0.033460891884348
9859,9859,0.728451470588235,0.490251097560976,-0.23820037302726,34,82,0.0210076042581668
9941,9941,0.490251097560976,0.578613793103448,0.0883626955424726,82,29,0.0222614277740746
9970,9970,0.578613793103448,0.368868269230769,-0.209745523872679,29,52,0.0207114951877731
10022,10022,0.368868269230769,0.643839130434783,0.274970861204013,52,23,0.0223249135700524
10045,10045,0.643839130434783,0.321216666666667,-0.322622463768116,23,3,0.0379483520870821
10048,10048,0.321216666666667,0.4276225,0.106405833333333,3,44,0.0349506303102682
10092,10092,0.4276225,0.665932,0.2383095,44,5,0.0435083726498773
10097,10097,0.665932,0.411472857142857,-0.254459142857143,5,7,0.0575275601784191
10104,10104,0.411472857142857,0.709915,0.298442142857143,7,4,0.0476262991502416
10108,10108,0.709915,0.428598684210526,-0.281316315789474,4,190,0.0266857802979593
10298,10298,0.428598684210526,0.539528551724138,0.110929867513612,190,145,0.011107373055863
10443,10443,0.539528551724138,0.515453875338754,-0.0240746763853845,145,369,0.0110856483864456
10812,10812,0.515453875338754,0.47651175,-0.0389421253387532,369,160,0.010611734753698
10972,10972,0.47651175,0.324452777777778,-0.152058972222223,160,18,0.0287485772569154
10990,10990,0.324452777777778,0.695894444444444,0.371441666666667,18,9,0.0494183295233973
10999,10999,0.695894444444444,0.338254285714286,-0.357640158730159,9,7,0.0440061373436741
11006,11006,0.338254285714286,0.576295,0.238040714285714,7,2,0.239673966208746
11008,11008,0.576295,0.683584642857143,0.107289642857143,2,28,0.240125633779205
11036,11036,0.683584642857143,0.320877222222222,-0.362707420634921,28,18,0.0395807815892077
11054,11054,0.320877222222222,0.630452544642857,0.309575322420635,18,224,0.0338657014292835
11278,11278,0.630452544642857,0.329526392523364,-0.300926152119492,224,535,0.00827421431605217
11813,11813,0.329526392523364,0.468673928571429,0.139147536048064,535,28,0.0195132174576637
11841,11841,0.468673928571429,0.294147777777778,-0.174526150793651,28,9,0.0334665264179372
11850,11850,0.294147777777778,0.690858461538461,0.396710683760684,9,13,0.0367840909288222
11863,11863,0.690858461538461,0.411769423868313,-0.279089037670149,13,243,0.0250370061137872
12106,12106,0.411769423868313,0.373650103092783,-0.0381193207755293,243,97,0.0110972544987477
12203,12203,0.373650103092783,0.50984,0.136189896907217,97,12,0.027223867812675
12215,12215,0.50984,0.468549738219895,-0.0412902617801049,12,191,0.0267697925403869
12406,12406,0.468549738219895,0.36766,-0.100889738219895,191,2,0.0363453263043614
12408,12408,0.36766,0.439489642857143,0.0718296428571428,2,56,0.0385891809545625
12464,12464,0.439489642857143,0.667004090909091,0.227514448051948,56,44,0.0221881893946334
12508,12508,0.667004090909091,0.512254036697248,-0.154750054211843,44,109,0.0221920232192559
12617,12617,0.512254036697248,1.096125,0.583870963302752,109,4,0.050041622003047
12621,12621,1.096125,0.54553,-0.550595,4,5,0.0564659846279156
12626,12626,0.54553,0.505665523809524,-0.0398644761904761,5,210,0.0314031522025467
12836,12836,0.505665523809524,0.417465714285714,-0.0881998095238097,210,7,0.0306547241416701
12843,12843,0.417465714285714,1.02056819444444,0.60310248015873,7,72,0.0305309877395649
12915,12915,1.02056819444444,0.664603333333333,-0.355964861111111,72,6,0.0387310367300652
12921,12921,0.664603333333333,0.541574,-0.123029333333333,6,15,0.0409618827444278
12936,12936,0.541574,0.385141666666667,-0.156432333333334,15,18,0.0336712817521252
12954,12954,0.385141666666667,0.558704615384615,0.173562948717949,18,13,0.0418305271530124
12967,12967,0.558704615384615,0.384363364485981,-0.174341250898634,13,107,0.0314925896731311
13074,13074,0.384363364485981,0.601105357142857,0.216741992656876,107,28,0.0244788983417769
13102,13102,0.601105357142857,0.382439285714286,-0.218666071428572,28,42,0.03026167496023
13144,13144,0.382439285714286,0.4722415,0.0898022142857143,42,80,0.0239805070657312
13224,13224,0.4722415,0.637288,0.1650465,80,35,0.0227433023353332
13259,13259,0.637288,0.514044285714286,-0.123243714285714,35,21,0.0345064700749354
13280,13280,0.514044285714286,0.661774285714286,0.14773,21,7,0.0682881997774399
13287,13287,0.661774285714286,0.511892590361446,-0.14988169535284,7,166,0.0628721263183838
13453,13453,0.511892590361446,0.679358,0.167465409638554,166,5,0.0496388406952007
13458,13458,0.679358,0.347722727272727,-0.331635272727273,5,22,0.0536183907992328
13480,13480,0.347722727272727,0.427607073170732,0.0798843458980045,22,41,0.032450664646787
13521,13521,0.427607073170732,0.466509306930693,0.0389022337599615,41,101,0.0244919886521974
13622,13622,0.466509306930693,0.561963484848485,0.0954541779177914,101,66,0.0133273364229641
13688,13688,0.561963484848485,0.684965,0.123001515151515,66,2,0.286965721486227
13690,13690,0.684965,0.479280879120879,-0.205684120879121,2,91,0.286849390246308
13781,13781,0.479280879120879,0.342858115942029,-0.13642276317885,91,69,0.0117425485209018
13850,13850,0.342858115942029,0.671679240506329,0.3288211245643,69,79,0.0168727212313846
13929,13929,0.671679240506329,0.340853,-0.330826240506329,79,110,0.0170169348967093
14039,14039,0.340853,0.586584583333333,0.245731583333333,110,24,0.0243149637735344
14063,14063,0.586584583333333,0.702042100840336,0.115457517507003,24,119,0.0245000089174887
14182,14182,0.702042100840336,0.495347352941176,-0.20669474789916,119,374,0.0105335479280768
14556,14556,0.495347352941176,0.462630134228188,-0.0327172187129881,374,149,0.00914670808735672
14705,14705,0.462630134228188,0.63588,0.173249865771812,149,2,0.0168536234425954
14707,14707,0.63588,0.544701826086957,-0.0911781739130434,2,115,0.0183818678585706
14822,14822,0.544701826086957,0.90285724137931,0.358155415292354,115,29,0.0406041025476558
14851,14851,0.90285724137931,0.535947692307692,-0.366909549071618,29,52,0.0417491516167893
14903,14903,0.535947692307692,0.9104336,0.374485907692308,52,25,0.0406181455201703
14928,14928,0.9104336,0.5446816,-0.365752,25,25,0.04491399132505
14953,14953,0.5446816,0.937839333333333,0.393157733333333,25,15,0.0418423591570468
14968,14968,0.937839333333333,0.522837037037037,-0.415002296296297,15,108,0.0356168765512852
15076,15076,0.522837037037037,0.912932777777778,0.390095740740741,108,18,0.0305929374313273
15094,15094,0.912932777777778,0.61513,-0.297802777777778,18,2,0.0602332307866257
15096,15096,0.61513,0.693363,0.078233,2,70,0.0542015266962753
15166,15166,0.693363,0.491462537313433,-0.201900462686567,70,67,0.0196695030417657
15233,15233,0.491462537313433,0.41651,-0.0749525373134328,67,7,0.0333233695544868
15240,15240,0.41651,0.467240493562231,0.0507304935622315,7,466,0.030072047652348
15706,15706,0.467240493562231,0.507093461538462,0.0398529679762302,466,52,0.014825188700986
15758,15758,0.507093461538462,0.613659310344828,0.106565848806366,52,29,0.0237727964294941
15787,15787,0.613659310344828,0.48237,-0.131289310344828,29,17,0.0337684902117916
15804,15804,0.48237,0.432843492063492,-0.0495265079365081,17,126,0.0289125201864214
15930,15930,0.432843492063492,0.3098875,-0.122955992063492,126,68,0.0143209019783377
15998,15998,0.3098875,0.24216,-0.0677275,68,3,0.0147599717420219
16001,16001,0.24216,0.73492,0.49276,3,8,0.0404612915548394
16009,16009,0.73492,0.2905675,-0.4443525,8,12,0.0569164948122243
16021,16021,0.2905675,0.597532823529412,0.306965323529412,12,85,0.0431547438477906
16106,16106,0.597532823529412,1.00486038461538,0.407327561085973,85,26,0.032137050133364
16132,16132,1.00486038461538,0.607597520661157,-0.397262863954228,26,121,0.0312127245304536
16253,16253,0.607597520661157,0.72393,0.116332479338843,121,2,0.0895901290906749
16255,16255,0.72393,0.345036785714286,-0.378893214285714,2,28,0.0911396861678033
16283,16283,0.345036785714286,0.496202,0.151165214285714,28,5,0.107476590059257
16288,16288,0.496202,0.394341927710844,-0.101860072289156,5,166,0.106340759590548
16454,16454,0.394341927710844,0.551958524590164,0.15761659687932,166,61,0.0201762337072264
16515,16515,0.551958524590164,0.474734545454545,-0.0772239791356182,61,11,0.0348006201414752
16526,16526,0.474734545454545,0.606806666666667,0.132072121212121,11,6,0.0886962861362402
16532,16532,0.606806666666667,0.471135789473684,-0.135670877192982,6,19,0.0841055705286818
16551,16551,0.471135789473684,0.6716568,0.200521010526316,19,25,0.0230754623746514
16576,16576,0.6716568,0.474665634920635,-0.196991165079365,25,126,0.022098733860616
16702,16702,0.474665634920635,0.779335,0.304669365079365,126,2,0.0112734326604191
16704,16704,0.779335,0.694220943396226,-0.0851140566037738,2,53,0.011480040188004
16757,16757,0.694220943396226,0.46186875,-0.232352193396226,53,8,0.0487757627205171
16765,16765,0.46186875,0.71087,0.24900125,8,8,0.0564394434564921
16773,16773,0.71087,0.471162777777778,-0.239707222222222,8,18,0.0384956850948288
16791,16791,0.471162777777778,0.56411625,0.0929534722222223,18,8,0.0701072147196111
16799,16799,0.56411625,0.512427647058824,-0.0516886029411761,8,136,0.0667210783162644
16935,16935,0.512427647058824,0.48513,-0.0272976470588239,136,5,0.0372534655493296
16940,16940,0.48513,0.422016263736264,-0.0631137362637362,5,91,0.0374401606515191
17031,17031,0.422016263736264,0.662010857142857,0.239994593406593,91,35,0.0234290613177525
17066,17066,0.662010857142857,0.482157188841202,-0.179853668301655,35,466,0.0217838229777521
17532,17532,0.482157188841202,0.963474,0.481316811158798,466,5,0.0415259697407128
17537,17537,0.963474,0.467785,-0.495689,5,4,0.0491535780047258
17541,17541,0.467785,0.413667559322034,-0.0541174406779658,4,295,0.0277384611856764
17836,17836,0.413667559322034,0.462861008403361,0.0491934490813271,295,119,0.0168741399073693
17955,17955,0.462861008403361,0.654043333333333,0.191182324929972,119,9,0.0510015179708493
17964,17964,0.654043333333333,0.481714285714286,-0.172329047619048,9,7,0.0912583318682418
17971,17971,0.481714285714286,0.711353333333333,0.229639047619048,7,6,0.0825008307017891
17977,17977,0.711353333333333,0.489971818181818,-0.221381515151515,6,44,0.0331621449845916
18021,18021,0.489971818181818,0.705148333333333,0.215176515151515,44,36,0.0236174751142607
18057,18057,0.705148333333333,0.521049512195122,-0.184098821138211,36,41,0.0246490596254208
18098,18098,0.521049512195122,0.33843,-0.182619512195122,41,23,0.0457900821865945
18121,18121,0.33843,0.644561,0.306131,23,10,0.0623846103255893
18131,18131,0.644561,0.314475,-0.330086,10,10,0.0590264169635559
18141,18141,0.314475,0.591211818181818,0.276736818181818,10,11,0.0565647926556143
18152,18152,0.591211818181818,0.3038925,-0.287319318181818,11,20,0.0453937880911717
18172,18172,0.3038925,0.503892142857143,0.199999642857143,20,14,0.0453393790949557
18186,18186,0.503892142857143,0.679424901960785,0.175532759103642,14,51,0.0446999677583287
18237,18237,0.679424901960785,0.518931428571429,-0.160493473389356,51,7,0.0305645407274898
18244,18244,0.518931428571429,0.680065714285714,0.161134285714286,7,7,0.0949080594987756
18251,18251,0.680065714285714,0.760408,0.0803422857142859,7,10,0.0944903088300738
18261,18261,0.760408,0.59914,-0.161268,10,2,0.0290275338715962
18263,18263,0.59914,0.455771666666667,-0.143368333333333,2,42,0.0206776744606229
18305,18305,0.455771666666667,0.714285833333333,0.258514166666667,42,12,0.0406446359306844
18317,18317,0.714285833333333,0.481697777777778,-0.232588055555556,12,36,0.0408997567271188
18353,18353,0.481697777777778,0.7435725,0.261874722222222,36,4,0.0553247682612931
18357,18357,0.7435725,0.4532723,-0.2903002,4,200,0.0534292593052916
18557,18557,0.4532723,0.87523,0.4219577,200,2,0.39681489747519
18559,18559,0.87523,0.477492307692307,-0.397737692307693,2,39,0.397106666426147
18598,18598,0.477492307692307,0.419213406593407,-0.0582789010989008,39,273,0.0183543989257094
18871,18871,0.419213406593407,0.519577777777778,0.100364371184371,273,18,0.0292305497497898
18889,18889,0.519577777777778,0.633067142857143,0.113489365079365,18,7,0.0712474484292707
18896,18896,0.633067142857143,0.975043125,0.341975982142857,7,16,0.0760546936174183
18912,18912,0.975043125,0.4494636,-0.525579525,16,25,0.045292645527751
18937,18937,0.4494636,0.602955,0.1534914,25,2,0.338301179907057
18939,18939,0.602955,0.350993333333333,-0.251961666666667,2,33,0.338046426924714
18972,18972,0.350993333333333,0.727272,0.376278666666667,33,5,0.047086510515918
18977,18977,0.727272,0.339926875,-0.387345125,5,16,0.0477482902143714
18993,18993,0.339926875,0.72026,0.380333125,16,6,0.0590475519311555
18999,18999,0.72026,0.340720972222222,-0.379539027777778,6,144,0.0558762259604939
19143,19143,0.340720972222222,0.722351739130435,0.381630766908213,144,23,0.0235393644080552
19166,19166,0.722351739130435,0.366626060606061,-0.355725678524374,23,33,0.02773122641254
19199,19199,0.366626060606061,0.550005625,0.183379564393939,33,16,0.024610812104148
19215,19215,0.550005625,0.481438787878788,-0.0685668371212122,16,66,0.0223041708720649
19281,19281,0.481438787878788,0.548295769230769,0.0668569813519815,66,26,0.0282071223846538
19307,19307,0.548295769230769,0.410378,-0.137917769230769,26,5,0.0446471266805424
19312,19312,0.410378,0.692788571428572,0.282410571428572,5,7,0.0603181005398437
19319,19319,0.692788571428572,0.545969433962264,-0.146819137466307,7,53,0.0526025197235587
19372,19372,0.545969433962264,0.429570099009901,-0.116399334952363,53,101,0.0278195927947367
19473,19473,0.429570099009901,0.357079166666667,-0.0724909323432346,101,12,0.042840614738902
19485,19485,0.357079166666667,0.66103425,0.303955083333333,12,40,0.042852125915688
19525,19525,0.66103425,0.38357875,-0.2774555,40,16,0.0323093753566345
19541,19541,0.38357875,0.663885714285714,0.280306964285714,16,14,0.0428004409268049
19555,19555,0.663885714285714,0.393292727272727,-0.270592987012987,14,11,0.0465756677051708
19566,19566,0.393292727272727,0.473565934065934,0.080273206793207,11,91,0.0356634197720056
19657,19657,0.473565934065934,0.5090788,0.035512865934066,91,50,0.023425250270341
19707,19707,0.5090788,0.793616666666667,0.284537866666666,50,3,0.134476384456188
19710,19710,0.793616666666667,0.4228375,-0.370779166666667,3,12,0.142379736778806
19722,19722,0.4228375,0.966255,0.5434175,12,2,0.0940856944532886
19724,19724,0.966255,0.410395,-0.55586,2,6,0.0893220025898807
19730,19730,0.410395,1.04704333333333,0.636648333333333,6,9,0.0480460533932462
19739,19739,1.04704333333333,0.668815,-0.378228333333333,9,2,0.0509361178340085
19741,19741,0.668815,0.475069682539683,-0.193745317460317,2,126,0.0456550515957725
19867,19867,0.475069682539683,0.41737,-0.0576996825396828,126,2,0.0168431836721164
19869,19869,0.41737,0.527022857142857,0.109652857142857,2,7,0.0346121117568996
19876,19876,0.527022857142857,0.447928517350158,-0.0790943397926996,7,317,0.0325389499671174
20193,20193,0.447928517350158,0.405222,-0.0427065173501576,317,10,0.049061325667434
20203,20203,0.405222,0.625623902439024,0.220401902439024,10,41,0.050267966027772
20244,20244,0.625623902439024,0.722773333333333,0.0971494308943091,41,3,0.0649331371088095
20247,20247,0.722773333333333,0.493650769230769,-0.229122564102564,3,13,0.0668023430085105
20260,20260,0.493650769230769,0.66966,0.176009230769231,13,2,0.020099772477541
20262,20262,0.66966,0.946478888888889,0.276818888888889,2,9,0.0111879863367634
20271,20271,0.946478888888889,0.6099765625,-0.336502326388889,9,32,0.0281947555473698
20303,20303,0.6099765625,1.00639333333333,0.396416770833333,32,3,0.035024907992486
20306,20306,1.00639333333333,0.583725846153846,-0.422667487179487,3,65,0.0287608413115711
20371,20371,0.583725846153846,0.644637272727273,0.0609114265734265,65,22,0.0379082216451826
20393,20393,0.644637272727273,0.505358174603174,-0.139279098124098,22,126,0.0349489308376988
20519,20519,0.505358174603174,0.625393333333333,0.120035158730159,126,3,0.0523852494316292
20522,20522,0.625393333333333,0.386510338983051,-0.238882994350283,3,59,0.0538276774779617
20581,20581,0.386510338983051,0.555322105263158,0.168811766280107,59,19,0.0389756216315993
20600,20600,0.555322105263158,0.409535724137931,-0.145786381125227,19,145,0.0374128269437479
20745,20745,0.409535724137931,0.683528235294118,0.273992511156187,145,17,0.0303961410318028
20762,20762,0.683528235294118,0.43184493902439,-0.251683296269727,17,164,0.0298619178961563
20926,20926,0.43184493902439,0.263160196078431,-0.168684742945959,164,51,0.0197415273962716
20977,20977,0.263160196078431,0.6705625,0.407402303921569,51,8,0.0226363299991774
20985,20985,0.6705625,0.260493164556962,-0.410069335443038,8,79,0.0187225832915161
21064,21064,0.260493164556962,0.689181666666667,0.428688502109705,79,12,0.0346234332973608
21076,21076,0.689181666666667,0.448883076923077,-0.24029858974359,12,13,0.0478855574630775
21089,21089,0.448883076923077,0.646294716981132,0.197411640058055,13,53,0.0387220731811476
21142,21142,0.646294716981132,0.435574705882353,-0.210720011098779,53,34,0.0227119377346747
21176,21176,0.435574705882353,0.613549285714286,0.177974579831933,34,14,0.0518320523519442
21190,21190,0.613549285714286,0.418063387096774,-0.195485898617512,14,62,0.0508496036104669
21252,21252,0.418063387096774,0.63188,0.213816612903226,62,5,0.0866419906663015
21257,21257,0.63188,0.365116293706294,-0.266763706293706,5,143,0.0859315206700528
21400,21400,0.365116293706294,0.730833636363636,0.365717342657343,143,11,0.0431683321567633
21411,21411,0.730833636363636,0.451932025316456,-0.278901611047181,11,237,0.0433864809382661
21648,21648,0.451932025316456,0.647334210526316,0.19540218520986,237,19,0.0259023025352344
21667,21667,0.647334210526316,0.430693157894737,-0.216641052631579,19,38,0.028882740975553
21705,21705,0.430693157894737,0.674067037037037,0.2433738791423,38,27,0.0269023007852373
21732,21732,0.674067037037037,0.417940147058823,-0.256126889978214,27,204,0.0238171790655627
21936,21936,0.417940147058823,0.484891524163568,0.0669513771047452,204,269,0.0107685645251887
22205,22205,0.484891524163568,0.524813265306123,0.0399217411425542,269,49,0.017757680300413
22254,22254,0.524813265306123,0.685585384615385,0.160772119309262,49,26,0.0296629671753633
22280,22280,0.685585384615385,0.5089,-0.176685384615385,26,13,0.0329730977130879
22293,22293,0.5089,0.353043617021277,-0.155856382978723,13,94,0.024020346148145
22387,22387,0.353043617021277,0.4034502,0.0504065829787232,94,50,0.020798689997885
22437,22437,0.4034502,0.507608372093023,0.104158172093024,50,129,0.0212602139398249
22566,22566,0.507608372093023,0.443675,-0.0639333720930234,129,4,0.0408044385118456
22570,22570,0.443675,0.668752619047619,0.225077619047619,4,42,0.0441772380457594
22612,22612,0.668752619047619,0.477712694300518,-0.191039924747101,42,193,0.0211329278783738
22805,22805,0.477712694300518,0.420210625,-0.057502069300518,193,32,0.0164208141344251
22837,22837,0.420210625,0.59268,0.172469375,32,7,0.0486391461523417
22844,22844,0.59268,1.0156104494382,0.422930449438202,7,178,0.0466125811408943
23022,23022,1.0156104494382,0.730232,-0.285378449438202,178,10,0.046382315021732
23032,23032,0.730232,0.5520759,-0.1781561,10,100,0.0489757465435967
23132,23132,0.5520759,0.489448,-0.0626279000000003,100,10,0.0262994833610507
23142,23142,0.489448,0.417581538461538,-0.0718664615384615,10,117,0.0232703255973639
23259,23259,0.417581538461538,0.353535294117647,-0.0640462443438913,117,85,0.0224954234734346
23344,23344,0.353535294117647,0.580423333333333,0.226888039215686,85,3,0.131657140903762
23347,23347,0.580423333333333,0.426743934426229,-0.153679398907104,3,61,0.130673081293657
23408,23408,0.426743934426229,0.45102,0.0242760655737704,61,5,0.0263977261078956
23413,23413,0.45102,0.538873306451613,0.0878533064516131,5,248,0.0246004672729786
23661,23661,0.538873306451613,0.426864224137931,-0.112009082313682,248,116,0.0150197237465359
23777,23777,0.426864224137931,0.57108625,0.144222025862069,116,8,0.0570560012285719
23785,23785,0.57108625,0.425467142857143,-0.145619107142857,8,7,0.0580854964550263
23792,23792,0.425467142857143,0.346635833333333,-0.0788313095238096,7,24,0.024722137539039
23816,23816,0.346635833333333,0.553785449438203,0.207149616104869,24,356,0.0183551198417837
24172,24172,0.553785449438203,0.478387666666667,-0.0753977827715357,356,30,0.0219238059060292
24202,24202,0.478387666666667,0.613934520547945,0.135546853881279,30,73,0.0261659142903679
24275,24275,0.613934520547945,0.781766666666667,0.167832146118721,73,3,0.0421248486035175
24278,24278,0.781766666666667,0.378103235294118,-0.403663431372549,3,34,0.0426089859808111
24312,24312,0.378103235294118,0.674335,0.296231764705882,34,2,0.150197789182138
24314,24314,0.674335,0.504605333333333,-0.169729666666667,2,45,0.15029999890065
24359,24359,0.504605333333333,0.693220555555556,0.188615222222222,45,18,0.0349370461961757
24377,24377,0.693220555555556,0.495576875,-0.197643680555555,18,96,0.0317010641368042
24473,24473,0.495576875,0.321040625,-0.17453625,96,16,0.0274730315932415
24489,24489,0.321040625,0.679424242424242,0.358383617424243,16,33,0.0366122534535788
24522,24522,0.679424242424242,0.372330989010989,-0.307093253413254,33,91,0.0331594087924562
24613,24613,0.372330989010989,0.629401428571429,0.25707043956044,91,7,0.0761502652820567
24620,24620,0.629401428571429,0.414726421568627,-0.214675007002801,7,204,0.0737842843748529
24824,24824,0.414726421568627,0.6720475,0.257321078431373,204,8,0.0738496538304631
24832,24832,0.6720475,0.392989090909091,-0.279058409090909,8,11,0.0793531408374824
24843,24843,0.392989090909091,0.67840625,0.285417159090909,11,8,0.0464719607384976
24851,24851,0.67840625,0.378770465116279,-0.299635784883721,8,43,0.0383002156885394
24894,24894,0.378770465116279,0.481895882352941,0.103125417236662,43,51,0.0199979145260781
24945,24945,0.481895882352941,0.385187948717949,-0.0967079336349925,51,39,0.0198942775605834
24984,24984,0.385187948717949,0.504957647058824,0.119769698340875,39,85,0.0193603621337303
25069,25069,0.504957647058824,0.7051075,0.200149852941176,85,8,0.043986728371858
25077,25077,0.7051075,0.4411857,-0.2639218,8,100,0.043235348454896
25177,25177,0.4411857,0.566482631578947,0.125296931578947,100,19,0.0245059640139078
25196,25196,0.566482631578947,0.40925037037037,-0.157232261208577,19,81,0.0280673681377851
25277,25277,0.40925037037037,0.43798,0.0287296296296297,81,11,0.0356651575428691
25288,25288,0.43798,0.604793333333333,0.166813333333333,11,9,0.036279905217989
25297,25297,0.604793333333333,0.371323333333333,-0.23347,9,9,0.035810945564481
25306,25306,0.371323333333333,0.5007515,0.129428166666667,9,20,0.0456501766923299
25326,25326,0.5007515,0.41323880952381,-0.0875126904761904,20,42,0.0372132894334099
25368,25368,0.41323880952381,0.567403333333333,0.154164523809524,42,9,0.0279906708778404
25377,25377,0.567403333333333,0.440260833333333,-0.1271425,9,12,0.0418581203126838
25389,25389,0.440260833333333,0.40275875,-0.0375020833333333,12,120,0.0362231319226082
25509,25509,0.40275875,0.44782122605364,0.0450624760536399,120,261,0.0118650122314758
25770,25770,0.44782122605364,0.507455,0.0596337739463601,261,4,0.0540781619363569
25774,25774,0.507455,0.368226666666667,-0.139228333333333,4,3,0.0618443277736753
25777,25777,0.368226666666667,0.47559125,0.107364583333333,3,112,0.0333987079555653
25889,25889,0.47559125,0.834786666666667,0.359195416666667,112,3,0.330293450676467
25892,25892,0.834786666666667,0.437293650793651,-0.397493015873016,3,63,0.330371554076961
25955,25955,0.437293650793651,0.71213625,0.274842599206349,63,16,0.0268766945828231
25971,25971,0.71213625,0.47239625,-0.23974,16,8,0.0412304016660961
25979,25979,0.47239625,0.392351538461538,-0.0800447115384617,8,65,0.0372259131014866
26044,26044,0.392351538461538,0.475393055555556,0.0830415170940175,65,144,0.0166011571919986
26188,26188,0.475393055555556,0.421533333333333,-0.0538597222222225,144,3,0.118155976856651
26191,26191,0.421533333333333,0.56726,0.145726666666667,3,2,0.302650345962319
26193,26193,0.56726,0.37197347826087,-0.19528652173913,2,23,0.279870925417849
26216,26216,0.37197347826087,0.485910714285714,0.113937236024845,23,28,0.0285769247568549
26244,26244,0.485910714285714,0.38446,-0.101450714285714,28,33,0.0252371093602537
26277,26277,0.38446,0.500341682242991,0.115881682242991,33,214,0.0215420971290657
26491,26491,0.500341682242991,0.57936,0.0790183177570092,214,2,0.067753925304536
26493,26493,0.57936,0.462365714285714,-0.116994285714286,2,7,0.071546358711663
26500,26500,0.462365714285714,0.347292666666667,-0.115073047619048,7,45,0.0317333592470129
26545,26545,0.347292666666667,0.544490705882353,0.197198039215686,45,85,0.024337485069917
26630,26630,0.544490705882353,0.4681925,-0.0762982058823531,85,44,0.022054130151342
26674,26674,0.4681925,0.6768,0.2086075,44,3,0.0625864031139293
26677,26677,0.6768,0.5014075,-0.1753925,3,4,0.0652856157587565
26681,26681,0.5014075,0.555037211538462,0.0536297115384617,4,104,0.027806696720661
26785,26785,0.555037211538462,0.470574191919192,-0.0844630196192699,104,198,0.012260026837045
26983,26983,0.470574191919192,0.39105652173913,-0.0795176701800613,198,23,0.0211398910090543
27006,27006,0.39105652173913,0.644801666666667,0.253745144927536,23,6,0.0279325169373538
27012,27012,0.644801666666667,0.386685,-0.258116666666667,6,8,0.0268366184915964
27020,27020,0.386685,0.652981666666666,0.266296666666666,8,12,0.0491136582984553
27032,27032,0.652981666666666,0.391296444444445,-0.261685222222222,12,45,0.0484174086967832
27077,27077,0.391296444444445,0.714460909090909,0.323164464646465,45,11,0.0248589226006194
27088,27088,0.714460909090909,0.38529845,-0.329162459090909,11,200,0.0205305543659484
27288,27288,0.38529845,0.6739,0.28860155,200,20,0.0193102783532702
27308,27308,0.6739,0.386265925925926,-0.287634074074074,20,27,0.0276286681852485
27335,27335,0.386265925925926,0.484918888888889,0.0986529629629631,27,9,0.0342620167759111
27344,27344,0.484918888888889,0.778394,0.293475111111111,9,10,0.0512885248162507
27354,27354,0.778394,0.499998333333333,-0.278395666666666,10,78,0.0459097596785166
27432,27432,0.499998333333333,0.680476621621621,0.180478288288288,78,74,0.0188333952166882
27506,27506,0.680476621621621,0.414202962962963,-0.266273658658659,74,108,0.0163945599620322
27614,27614,0.414202962962963,0.471405714285714,0.0572027513227513,108,7,0.0312218920658123
27621,27621,0.471405714285714,0.58835,0.116944285714286,7,22,0.0380796171046579
27643,27643,0.58835,0.40267,-0.18568,22,56,0.0263738659426695
27699,27699,0.40267,0.478488333333333,0.0758183333333333,56,18,0.0291403927516555
27717,27717,0.478488333333333,0.347782857142857,-0.130705476190476,18,14,0.0515462990664579
27731,27731,0.347782857142857,0.500547,0.152764142857143,14,30,0.0487438907674071
27761,27761,0.500547,0.288437448979592,-0.212109551020408,30,98,0.0248386931029423
27859,27859,0.288437448979592,0.505287692307692,0.2168502433281,98,13,0.0436510108401464
27872,27872,0.505287692307692,0.83738,0.332092307692308,13,2,0.478072864664994
27874,27874,0.83738,0.503057333333333,-0.334322666666667,2,135,0.476316146925976
28009,28009,0.503057333333333,0.450493673469388,-0.0525636598639455,135,49,0.0227955465767419
28058,28058,0.450493673469388,0.34448,-0.106013673469388,49,3,0.0344202022266641
28061,28061,0.34448,0.41678986440678,0.0723098644067797,3,295,0.0280192456494741
28356,28356,0.41678986440678,0.487557777777778,0.0707679133709981,295,9,0.0354204158308421
28365,28365,0.487557777777778,0.383890952380953,-0.103666825396825,9,63,0.0365679442795084
28428,28428,0.383890952380953,0.612338888888889,0.228447936507936,63,9,0.0415498963845877
28437,28437,0.612338888888889,0.372786666666667,-0.239552222222222,9,3,0.0694996406421121
28440,28440,0.372786666666667,0.498355252525252,0.125568585858585,3,99,0.0577768783305417
28539,28539,0.498355252525252,0.609079534883721,0.110724282358469,99,43,0.0205453781940129
28582,28582,0.609079534883721,0.4946228125,-0.114456722383721,43,32,0.0295929458698148
28614,28614,0.4946228125,0.474384,-0.0202388125,32,5,0.0921027026528712
28619,28619,0.474384,0.324977058823529,-0.149406941176471,5,34,0.0907389158998132
28653,28653,0.324977058823529,0.482112134831461,0.157135076007931,34,89,0.0207049424537896
28742,28742,0.482112134831461,1.02177090909091,0.539658774259448,89,11,0.0303281594278899
28753,28753,1.02177090909091,0.63677375,-0.384997159090909,11,16,0.0364759630422394
28769,28769,0.63677375,0.452950666666667,-0.183823083333333,16,15,0.0498879413851366
28784,28784,0.452950666666667,1.00715333333333,0.554202666666667,15,3,0.0514675690816518
28787,28787,1.00715333333333,0.405927619047619,-0.601225714285714,3,294,0.0286943777636904
29081,29081,0.405927619047619,0.456438814935066,0.0505111958874463,294,616,0.0122763625430526
29697,29697,0.456438814935066,0.489762608695652,0.0333237937605866,616,69,0.0118718506764024
29766,29766,0.489762608695652,0.27787,-0.211892608695652,69,3,0.061832126212797
29769,29769,0.27787,0.630354666666667,0.352484666666667,3,15,0.0691278550669607
29784,29784,0.630354666666667,0.332327454545455,-0.298027212121212,15,55,0.0358978169237007
29839,29839,0.332327454545455,0.652748238636364,0.320420784090909,55,176,0.0161466346815988
30015,30015,0.652748238636364,0.744633333333333,0.0918850946969695,176,6,0.0376279273358231
30021,30021,0.744633333333333,0.504721904761905,-0.239911428571429,6,21,0.0432391330680985
30042,30042,0.504721904761905,0.339216060606061,-0.165505844155844,21,33,0.0337841283569497
30075,30075,0.339216060606061,0.498540905172414,0.159324844566353,33,232,0.0262920956410874
30307,30307,0.498540905172414,0.45428854368932,-0.0442523614830932,232,103,0.0110558482918998
30410,30410,0.45428854368932,0.366568,-0.0877205436893204,103,25,0.0269478711043375
30435,30435,0.366568,0.41006,0.043492,25,4,0.0614793110241161
30439,30439,0.41006,0.46994975308642,0.0598897530864198,4,81,0.0568416926533742
30520,30520,0.46994975308642,0.411096666666667,-0.0588530864197531,81,12,0.0235409219772514
30532,30532,0.411096666666667,0.280912142857143,-0.130184523809524,12,14,0.0330041264376546
30546,30546,0.280912142857143,0.48727,0.206357857142857,14,2,0.0428949512733256
30548,30548,0.48727,0.4053924,-0.0818775999999999,2,50,0.0372071405284699
30598,30598,0.4053924,0.433831666666667,0.0284392666666666,50,6,0.0281424416865894
30604,30604,0.433831666666667,0.66367625,0.229844583333333,6,8,0.0394547238131334
30612,30612,0.66367625,0.332261666666667,-0.331414583333333,8,12,0.046256339617473
30624,30624,0.332261666666667,0.436709959839357,0.104448293172691,12,249,0.0350084446728192
30873,30873,0.436709959839357,0.385041866666667,-0.0516680931726908,249,75,0.0140699508613137
30948,30948,0.385041866666667,0.472586,0.0875441333333334,75,5,0.0527446682067874
30953,30953,0.472586,0.706265882352941,0.233679882352941,5,34,0.0540052836484065
30987,30987,0.706265882352941,0.418065789473684,-0.288200092879257,34,19,0.0374728113034988
31006,31006,0.418065789473684,0.7152975,0.297231710526316,19,4,0.072687907389809
31010,31010,0.7152975,0.378768838174274,-0.336528661825726,4,241,0.0653067410230748
31251,31251,0.378768838174274,0.601321875,0.222553036825726,241,48,0.0172717085642211
31299,31299,0.601321875,0.405478269230769,-0.195843605769231,48,52,0.0216955844853269
31351,31351,0.405478269230769,0.695788,0.290309730769231,52,10,0.044652843571749
31361,31361,0.695788,0.529448,-0.16634,10,10,0.0683346490670078
31371,31371,0.529448,0.425950983050847,-0.103497016949153,10,295,0.0545246777238404
31666,31666,0.425950983050847,0.515375,0.0894240169491525,295,2,0.25641333303087
31668,31668,0.515375,0.400465961538462,-0.114909038461538,2,156,0.25648852832455
31824,31824,0.400465961538462,0.953389166666667,0.552923205128205,156,36,0.0143610782009427
31860,31860,0.953389166666667,0.519510961538462,-0.433878205128205,36,52,0.0203138778643262
31912,31912,0.519510961538462,0.362176,-0.157334961538462,52,35,0.0240063871741599
31947,31947,0.362176,0.76129,0.399114,35,5,0.0549059797860752
31952,31952,0.76129,0.35995,-0.40134,5,2,0.0668812538758059
31954,31954,0.35995,0.482928490566038,0.122978490566038,2,53,0.0443592588561719
32007,32007,0.482928490566038,0.51969888,0.0367703894339619,53,125,0.0171846280651655
32132,32132,0.51969888,0.545593333333333,0.0258944533333334,125,3,0.0340303928850911
32135,32135,0.545593333333333,0.668617575757576,0.123024242424242,3,66,0.0338949427157676
32201,32201,0.668617575757576,0.4945725,-0.174045075757576,66,28,0.0197332790790862
32229,32229,0.4945725,0.663085538461538,0.168513038461538,28,65,0.0204599862770799
32294,32294,0.663085538461538,0.374473333333333,-0.288612205128205,65,3,0.16539185916166
32297,32297,0.374473333333333,0.511491,0.137017666666667,3,40,0.166026621333813
32337,32337,0.511491,0.682403333333333,0.170912333333334,40,15,0.0356181376628395
32352,32352,0.682403333333333,0.293716666666667,-0.388686666666667,15,3,0.0664232009762892
32355,32355,0.293716666666667,0.509940955882353,0.216224289215686,3,136,0.0595253880190482
32491,32491,0.509940955882353,0.660888543689321,0.150947587806968,136,103,0.012543525428782
32594,32594,0.660888543689321,0.332642647058824,-0.328245896630497,103,34,0.0223680405136671
32628,32628,0.332642647058824,0.468137798742138,0.135495151683315,34,159,0.0225016662948894
32787,32787,0.468137798742138,0.434765149253732,-0.0333726494884067,159,134,0.0131370398267636
32921,32921,0.434765149253732,0.628682,0.193916850746268,134,30,0.0218784660150378
32951,32951,0.628682,0.565073333333333,-0.0636086666666666,30,3,0.042016248162346
32954,32954,0.565073333333333,0.436605294117647,-0.128468039215686,3,17,0.0439818878573481
32971,32971,0.436605294117647,0.623997333333333,0.187392039215686,17,15,0.0300607233964087
32986,32986,0.623997333333333,0.4295745,-0.194422833333333,15,20,0.029363435572876
33006,33006,0.4295745,0.615364,0.1857895,20,5,0.0341702656790805
33011,33011,0.615364,0.377780476190476,-0.237583523809524,5,21,0.034905480101232
33032,33032,0.377780476190476,0.683915151515151,0.306134675324675,21,99,0.0258819023494813
33131,33131,0.683915151515151,0.600915987654321,-0.0829991638608303,99,162,0.0131273607478967
33293,33293,0.600915987654321,0.47933375,-0.121582237654321,162,8,0.0439224352211192
33301,33301,0.47933375,0.940992931034483,0.461659181034483,8,58,0.047144069115065
33359,33359,0.940992931034483,0.637668333333333,-0.303324597701149,58,6,0.033078334039447
33365,33365,0.637668333333333,0.495955,-0.141713333333333,6,110,0.0304990780133217
33475,33475,0.495955,0.34906,-0.146895,110,294,0.0154036636201121
33769,33769,0.34906,0.4334956,0.0844356,294,25,0.0189816143450268
33794,33794,0.4334956,0.67093884057971,0.23744324057971,25,138,0.0195247003599033
33932,33932,0.67093884057971,0.4178565,-0.25308234057971,138,60,0.0224038646842181
33992,33992,0.4178565,0.658965,0.2411085,60,4,0.0392532278174005
33996,33996,0.658965,0.471128571428571,-0.187836428571429,4,77,0.0353802788646782
34073,34073,0.471128571428571,0.504661739130435,0.0335331677018635,77,207,0.0164332906783979
34280,34280,0.504661739130435,0.711136315789474,0.206474576659039,207,19,0.0288828006642963
34299,34299,0.711136315789474,0.495168,-0.215968315789474,19,25,0.0357643666457059
34324,34324,0.495168,0.729667,0.234499,25,10,0.0484148235105278
34334,34334,0.729667,0.424140434782609,-0.305526565217391,10,23,0.0469111728244307
34357,34357,0.424140434782609,0.6897375,0.265597065217391,23,8,0.0697890063089381
34365,34365,0.6897375,0.428631720430108,-0.261105779569892,8,93,0.067889485078802
34458,34458,0.428631720430108,0.507158,0.0785262795698924,93,5,0.0546021850254236
34463,34463,0.507158,0.77026,0.263102,5,2,0.0739121650068512
34465,34465,0.77026,0.507279166666667,-0.262980833333333,2,36,0.0537597586999439
34501,34501,0.507279166666667,0.415173333333333,-0.0921058333333333,36,3,0.035053098292742
34504,34504,0.415173333333333,0.622062857142857,0.206889523809524,3,7,0.071199624804739
34511,34511,0.622062857142857,0.547131485148515,-0.0749313719943422,7,101,0.0654450959761515
34612,34612,0.547131485148515,0.471785384615385,-0.0753461005331303,101,39,0.0189523993396614
34651,34651,0.471785384615385,0.6024675,0.130682115384615,39,4,0.0355472147004535
34655,34655,0.6024675,0.511005807860262,-0.0914616921397382,4,229,0.0338974591815414
34884,34884,0.511005807860262,0.667071428571429,0.156065620711167,229,7,0.0370860634616282
34891,34891,0.667071428571429,0.438935833333333,-0.228135595238095,7,48,0.038360457385563
34939,34939,0.438935833333333,0.644973157894737,0.206037324561403,48,19,0.0377710809899188
34958,34958,0.644973157894737,0.434772352941176,-0.21020080495356,19,102,0.0370945952149107
35060,35060,0.434772352941176,0.508301923076923,0.0735295701357466,102,52,0.0173699125479998
35112,35112,0.508301923076923,0.56851,0.0602080769230769,52,2,0.014356802982099
35114,35114,0.56851,0.751735,0.183225,2,48,0.0144489369286738
35162,35162,0.751735,0.541922857142857,-0.209812142857142,48,14,0.0428652761956522
35176,35176,0.541922857142857,0.801215,0.259292142857143,14,2,0.413146125027164
35178,35178,0.801215,0.521167837837838,-0.280047162162162,2,222,0.411278384503646
35400,35400,0.521167837837838,0.6306,0.109432162162162,222,2,0.0147251709643469
35402,35402,0.6306,0.445152941176471,-0.185447058823529,2,17,0.0260402409610195
35419,35419,0.445152941176471,0.650895,0.205742058823529,17,10,0.0500229803232381
35429,35429,0.650895,0.473770555555556,-0.177124444444444,10,18,0.0493532131307842
35447,35447,0.473770555555556,0.62539375,0.151623194444445,18,16,0.0452580169856291
35463,35463,0.62539375,0.462245897435897,-0.163147852564103,16,39,0.0435643431648234
35502,35502,0.462245897435897,0.580573151515152,0.118327254079254,39,165,0.0209965204668204
35667,35667,0.580573151515152,0.414011724137931,-0.166561427377221,165,58,0.0164541512393594
35725,35725,0.414011724137931,0.551582558139535,0.137570834001604,58,43,0.0216927541748483
35768,35768,0.551582558139535,0.451800704225352,-0.099781853914183,43,71,0.0234661923999304
35839,35839,0.451800704225352,0.62839945945946,0.176598755234107,71,37,0.0315337127839995
35876,35876,0.62839945945946,0.457594,-0.17080545945946,37,10,0.038082613153093
35886,35886,0.457594,0.658923698630137,0.201329698630137,10,73,0.0317410768251379
35959,35959,0.658923698630137,0.438424038461538,-0.220499660168598,73,52,0.0246791830329438
36011,36011,0.438424038461538,0.667595,0.229170961538462,52,8,0.0341964287313694
36019,36019,0.667595,0.450898823529412,-0.216696176470588,8,17,0.0403634612732419
36036,36036,0.450898823529412,0.645745833333333,0.194847009803922,17,12,0.0386530779125143
36048,36048,0.645745833333333,0.535760227272727,-0.109985606060606,12,44,0.0307219520035476
36092,36092,0.535760227272727,0.431656896551724,-0.104103330721003,44,58,0.0200695183265662
36150,36150,0.431656896551724,0.71346,0.281803103448276,58,4,0.0718779118331039
36154,36154,0.71346,0.495499130434783,-0.217960869565217,4,23,0.0805687877764236
36177,36177,0.495499130434783,0.398368,-0.0971311304347826,23,10,0.0430597220637434
36187,36187,0.398368,0.510878963963964,0.112510963963964,10,222,0.0200540969813319
36409,36409,0.510878963963964,0.457563644859813,-0.053315319104151,222,107,0.0131517002004693
36516,36516,0.457563644859813,0.488533412322275,0.0309697674624618,107,211,0.0122204703416338
36727,36727,0.488533412322275,0.5767,0.0881665876777252,211,48,0.0279079098618036
36775,36775,0.5767,0.47533,-0.10137,48,2,0.151001161972421
36777,36777,0.47533,0.656195,0.180865,2,2,0.151354002589955
36779,36779,0.656195,0.369402962962963,-0.286792037037037,2,243,0.0306527638969934
37022,37022,0.369402962962963,0.448141272727273,0.0787383097643098,243,55,0.0197716556480424
37077,37077,0.448141272727273,0.73107,0.282928727272727,55,3,0.204617504951409
37080,37080,0.73107,0.538355882352941,-0.192714117647059,3,17,0.205270478121936
37097,37097,0.538355882352941,0.589451186440678,0.0510953040877367,17,118,0.0263431250293193
37215,37215,0.589451186440678,0.481987916666667,-0.107463269774011,118,24,0.0260487000435493
37239,37239,0.481987916666667,0.68593,0.203942083333333,24,3,0.0333996126632744
37242,37242,0.68593,0.387971734693877,-0.297958265306123,3,98,0.0256844041335885
37340,37340,0.387971734693877,0.476700346534653,0.088728611840776,98,202,0.0132186072842178
37542,37542,0.476700346534653,0.42523625,-0.0514640965346534,202,32,0.0211644823189421
37574,37574,0.42523625,0.612942407407407,0.187706157407407,32,54,0.0237467766878343
37628,37628,0.612942407407407,0.421572,-0.191370407407407,54,30,0.0215806141977098
37658,37658,0.421572,0.700268181818182,0.278696181818182,30,22,0.0267768299060727
37680,37680,0.700268181818182,0.567575454545455,-0.132692727272727,22,55,0.0255522949974912
37735,37735,0.567575454545455,0.479655924170616,-0.0879195303748387,55,211,0.0152552688889551
37946,37946,0.479655924170616,0.544845,0.0651890758293839,211,2,0.0655605820136902
37948,37948,0.544845,1.056946,0.512101,2,10,0.0864060490397904
37958,37958,1.056946,0.50442,-0.552526,10,2,0.198850712874424
37960,37960,0.50442,0.431220909090909,-0.073199090909091,2,22,0.192099988384968
37982,37982,0.431220909090909,0.480410201005025,0.0491892919141156,22,199,0.0251974235422648
38181,38181,0.480410201005025,0.52634081570997,0.045930614704945,199,331,0.0107686616337885
38512,38512,0.52634081570997,0.483988333333333,-0.0423524823766364,331,6,0.0275860501370549
38518,38518,0.483988333333333,0.551915909090909,0.0679275757575757,6,154,0.0285928738810918
38672,38672,0.551915909090909,0.498611046511628,-0.0533048625792811,154,86,0.0162880733090161
38758,38758,0.498611046511628,0.690899545454545,0.192288498942917,86,22,0.0368941718635053
38780,38780,0.690899545454545,0.52546,-0.165439545454545,22,4,0.0474806745007155
38784,38784,0.52546,0.498557843137255,-0.0269021568627451,4,51,0.0359735278413631
38835,38835,0.498557843137255,0.693436923076923,0.194879079939668,51,26,0.030564745614927
38861,38861,0.693436923076923,0.561795,-0.131641923076923,26,4,0.0409552438948324
38865,38865,0.561795,0.493217205882353,-0.0685777941176469,4,68,0.0334491054442593
38933,38933,0.493217205882353,0.33243,-0.160787205882353,68,4,0.0950728574393756
38937,38937,0.33243,0.456506666666667,0.124076666666667,4,3,0.126562010010025
38940,38940,0.456506666666667,0.396084967320261,-0.0604216993464052,3,153,0.0851030144260505
39093,39093,0.396084967320261,0.32236,-0.0737249673202615,153,5,0.0858551407505075
39098,39098,0.32236,0.68604,0.36368,5,5,0.0965645719712981
39103,39103,0.68604,0.54326510703364,-0.14277489296636,5,327,0.0460056253074217
39430,39430,0.54326510703364,0.365198333333333,-0.178066773700306,327,30,0.0304271130303193
39460,39460,0.365198333333333,0.753616363636364,0.38841803030303,30,22,0.035901535262135
39482,39482,0.753616363636364,0.524431150442478,-0.229185213193886,22,113,0.0304555940035693
