Stepnumber,SCurveRound1,SCurveRound2
1,-0.000551582330853563,4.54071933229986e-05
2,-0.00110316466170713,1.88965884357446e-05
3,0.00891355294986301,0.000996154263692082
4,0.0165672360017817,0.000147629515572808
5,0.0720352057784656,0.000563528032581524
6,0.0817222606330524,0.00047100890528315
7,0.0763756085365229,0.00106298064210204
8,0.081122168435872,0.00109475704947663
9,0.0460274952424028,0.00123166403371701
10,0.0492371916045483,0.0011573475452824
11,0.0465523706577167,0.00122353799040761
12,0.0422995158592529,0.00115222222415706
13,0.0511830185561632,0.00117942599996072
14,0.0603785571851038,0.00073631017596888
15,0.0530421790090352,0.000364001414936188
16,0.0713112300598446,0.00037582192280524
17,0.0672319831933241,0.000356356979868298
18,0.0698824462204578,0.00028485702606876
19,0.0810633128841336,0.000282633095724302
20,0.0872596301599346,0.00027550650409512
21,0.0865555884180011,0.00016374656270764
22,0.0930688363932216,0.00038456675970438
23,0.0872088088791901,0.000219612023377307
24,0.0941633094169498,-0.000211662895020056
25,0.0926770936483915,-4.69113143864081e-05
26,0.0930919596107767,-0.000341300774330631
27,0.0930546729804098,-0.000441645668640754
28,0.0992861513368348,-0.000438369142464512
29,0.0976316010369755,-0.000408498364253052
30,0.103904467985829,-0.000461769730832474
31,0.110463944934533,-0.000562188418083466
32,0.114303058095983,-0.000598982658951266
33,0.109592925802176,-0.00053136298827348
34,0.109144555553219,-0.000653374991862581
35,0.108761991742307,-0.000578686223564633
36,0.105829740416201,-0.000614766761784786
37,0.113903685583726,-0.00071652695830567
38,0.113258936822965,-0.000636268157857541
39,0.115368426520456,-0.000735052012504353
40,0.116220210703248,-0.000790972293867074
41,0.107907204357202,-0.000791589545462156
42,0.118099701797109,-0.000834686532790918
43,0.115304605338949,-0.000826802002524152
44,0.0929408316479645,-0.000701216634854685
45,0.0918041319439075,-0.000672942967831637
46,0.0710263635496562,-0.00080763497338471
47,0.0670811653129118,-0.000802571219266382
48,0.101887524400089,-0.000844458912749861
49,0.104136358371886,-0.000764066397149892
50,0.113674101686363,-0.000839261910951889
51,0.135956552555511,-0.000938592691565439
52,0.135640486659816,-0.000996490549398739
53,0.137248803901319,0.000650937274138567
54,0.140859860343718,0.00274836158683365
55,0.134725487364973,0.00384399806404075
56,0.142314746008981,0.00381711654870114
57,0.154014192673445,0.00482595946788735
58,0.125354786330043,0.00485594007537937
59,0.12654371412397,0.00478597806240808
60,0.122468052251552,0.00482534746441261
61,0.120608668435704,0.00465891930539901
62,0.12470282876514,0.0046200937655775
63,0.124521371440992,0.00462410883063713
64,0.118346350914881,0.0045673533806688
65,0.139759426496619,0.00450878675327599
66,0.139331871924813,0.0044045067973593
67,0.142111138506697,0.00433232825914621
68,0.147875439148357,0.00443905013684164
69,0.151669125322108,0.00437517415283247
70,0.167298298882213,0.00432562607484605
71,0.16646359363664,0.00434577841939413
72,0.166659922295839,0.00420409053629113
73,0.170443519918227,0.0039965996449458
74,0.174912558780299,0.00542649883910669
75,0.185639503337465,0.00538504662982103
76,0.195296020787736,0.00527313769739227
77,0.191873229350677,0.00530713521890237
78,0.188106677393114,0.00530472380745837
79,0.187637972567472,0.00526698982155478
80,0.19189224805081,0.00528383981479402
81,0.193734662540186,0.00535059491513404
82,0.198922745107822,0.00527655770650249
83,0.190221867267723,0.00528723621190295
84,0.187110554761568,0.00522525912976353
85,0.190165739736792,0.00522478858584268
86,0.189448649139765,0.00518070348074897
87,0.190016089528468,0.00525072162814999
88,0.184286933815753,0.00503414382822573
89,0.191196273110802,0.0050034420505501
90,0.198714322238198,0.00502672003261011
91,0.195588588645585,0.00515360967673841
92,0.195446583305362,0.00578413334712923
93,0.219062642010355,0.00623380867173481
94,0.223192473176839,0.00604854491747215
95,0.211972624702224,0.00608320216864981
96,0.212527566604286,0.00619266739400871
97,0.216373009606455,0.00651833620373897
98,0.217977167391367,0.00698874940537572
99,0.222569149120636,0.00698230538776185
100,0.22753063568099,0.00813549086793356
101,0.228146021975703,0.00786087793052138
102,0.227529381629514,0.00797079141318423
103,0.231635837919102,0.00828009530745374
104,0.227535058209613,0.00822201089104252
105,0.222562143544745,0.00825787621545385
106,0.225867187518118,0.0081753931209494
107,0.230556610204418,0.00821319074959646
108,0.23310804871271,0.00811529846133193
109,0.240681549670405,0.00818732036823016
110,0.237204932800885,0.00817010640560092
111,0.240858002235792,0.00819949728565606
112,0.241842208381202,0.00842302771904811
113,0.24258179530472,0.00850703359312162
114,0.245638456624768,0.00825503710996127
115,0.249277128307361,0.00848231236279275
116,0.250034255480312,0.00847581812862374
117,0.251150103984718,0.00840471945941821
118,0.253439151399238,0.00768393393845507
119,0.257522769486701,0.00770491872409833
120,0.258738221030831,0.00746954602528196
121,0.262857749413119,0.00759804697509891
122,0.265513228863612,0.00755572523324796
123,0.260738766606093,0.00771193791338759
124,0.265493118027849,0.00774033060237781
125,0.267357665451053,0.007670659768945
126,0.267189975747449,0.0074225299958952
127,0.270939814685963,0.00727953145611301
128,0.275947800718573,0.00722469809850151
129,0.292376397494009,0.00735030772482207
130,0.320106375744452,0.00751642450977686
131,0.32043925338131,0.0073039644167343
132,0.320160181786465,0.00729961982566548
133,0.325881951757626,0.00724337643915834
134,0.327674911155433,0.0071141231203902
135,0.327144813143622,0.0070133611652129
136,0.324643078261758,0.00781970561754573
137,0.327338495210274,0.0103081084321755
138,0.327811066870935,0.0102542796541307
139,0.330798167180623,0.0102703054893985
140,0.331305308009337,0.0101559693415557
141,0.33217982567366,0.0102053843562593
142,0.335566688760659,0.0101430467141384
143,0.338133428816596,0.0100930858492567
144,0.337231815603662,0.00944322754836804
145,0.347908014902052,0.00933424476368894
146,0.347464600097342,0.00931096374901983
147,0.349411379131717,0.0094964539494587
148,0.354036689900235,0.00927375726388228
149,0.344296598179097,0.0091932775020447
150,0.344239745960353,0.00915295178858743
151,0.348396713621963,0.00906965576173066
152,0.355472454618009,0.00901274164453231
153,0.358633674715293,0.00895484207353673
154,0.360758990382732,0.00894657644172227
155,0.358376504639633,0.00874703369236151
156,0.358002080743421,0.00876850207445209
157,0.357238063681895,0.00872613956182061
158,0.355985384232497,0.00875802850656796
159,0.360273739864011,0.00968316156419703
160,0.36317432697218,0.00991294260847018
161,0.365884676331294,0.00982588464336139
162,0.368400590292292,0.00985712872802185
163,0.368262263524802,0.0103413418314486
164,0.366584738690194,0.0103006290340546
165,0.371417373807388,0.0103483925437125
166,0.372702196240605,0.0109751924152896
167,0.37421042042817,0.0108317391478221
168,0.374961627223676,0.0103549425575921
169,0.375630012921945,0.0102424094506004
170,0.375112939092985,0.010230658642839
171,0.375967314374031,0.0101493405388217
172,0.375289693270089,0.0101303801721109
173,0.370244437940013,0.0100665207953191
174,0.372816868758365,0.00998490494244053
175,0.371553826900711,0.00998141414395368
176,0.375281583743512,0.0099381414991619
177,0.380129454983906,0.00990800146316011
178,0.379605547459742,0.00985536878824402
179,0.380465891809472,0.00981232910962659
180,0.381828703811649,0.00980444254851051
181,0.385024491316773,0.00970718989685987
182,0.38570904546104,0.00967489055828178
183,0.383459302555728,0.00977013593936661
184,0.38437918437137,0.00968956430216305
185,0.388887196749357,0.00963608469505725
186,0.388096351761072,0.00957592333926377
187,0.386776571137258,0.00946241979418109
188,0.388192108393081,0.00937299268043502
189,0.386860228729568,0.00946395560694822
190,0.387063832590321,0.009342831959496
191,0.387482881589817,0.0093990624158135
192,0.389946439505448,0.0105981448269983
193,0.391216965268214,0.0113298093691422
194,0.392643769647431,0.0121036590746857
195,0.392651382835302,0.0120384752210106
196,0.395992942695224,0.0121976735278035
197,0.392745651046341,0.012110222774614
198,0.392250546470052,0.0120103058936217
199,0.392184327857893,0.0120821770757859
200,0.390364290272847,0.0120082472837855
201,0.39439062849799,0.011859699606431
202,0.409883587558547,0.0120352143592422
203,0.4122332327071,0.0119542349743443
204,0.415258311441314,0.0122283972048751
205,0.419064339630182,0.0122175388443742
206,0.41906749269928,0.0120479294013588
207,0.428576131172747,0.011996522524004
208,0.425031761186154,0.0119462073442168
209,0.425692970691974,0.0118821892098881
210,0.430852278923599,0.0121806579112589
211,0.430793908407006,0.0119259209363286
212,0.432401838768193,0.012617828633855
213,0.432997488763704,0.0125717317110082
214,0.432431264340851,0.0124201333130604
215,0.433606129968732,0.0124820727369497
216,0.444520372336967,0.0121396778141513
217,0.451832234341889,0.0121499637264639
218,0.458146111619585,0.0120726596361299
219,0.458652347385673,0.0120340894871697
220,0.462939444724205,0.0120406380121001
221,0.46220095802318,0.0119876808585439
222,0.463934007760408,0.0118679011473624
223,0.466027090492558,0.0117731794491514
224,0.459762226085509,0.0116940126446569
225,0.463680916374566,0.0133396864581375
226,0.467925573287873,0.0132572415564084
227,0.46926397754563,0.0132600742893201
228,0.46905063280354,0.0131329791508191
229,0.477979938720915,0.0130655959538217
230,0.480190322073745,0.0131454605761408
231,0.477137787511496,0.0130657614139379
232,0.476438700651757,0.0130221143553904
233,0.47702550621985,0.0129449200801798
234,0.48007076950195,0.0128976028965424
235,0.482164610836471,0.0128755577239974
236,0.487339904160739,0.0129122954003819
237,0.488289179885301,0.0128404612248003
238,0.488958161491792,0.0127915921525464
239,0.486645828403158,0.0127823091535836
240,0.487598112600662,0.0126948828938538
241,0.489092150065645,0.0130418505784037
242,0.490200495578627,0.0129585212543555
243,0.489933236511734,0.0131286328279442
244,0.489787267346936,0.0131667124169358
245,0.488902456221319,0.0132935812220361
246,0.490663670414448,0.013307526161355
247,0.491060585932366,0.0132625338286607
248,0.496309680804274,0.0132091108985336
249,0.503533309740129,0.0129321003865798
250,0.501784255436957,0.015277923576805
251,0.501882123423049,0.0152907974313269
252,0.503500911671529,0.0152011386274391
253,0.500862196343648,0.0152167571372484
254,0.501929150907796,0.0150990887878774
255,0.497918850069983,0.0150683781938774
256,0.498159883376359,0.0149570538504852
257,0.497870160699735,0.0151221708610107
258,0.500692158673764,0.0150836516935296
259,0.499906922941183,0.0150776882018694
260,0.504111428557831,0.0151526563210938
261,0.506620260931409,0.015036917439473
262,0.488435027018211,0.0149059292389426
263,0.494869113428676,0.0148322968406381
264,0.491093796602902,0.0144684542751223
265,0.514709863846519,0.0145006175227154
266,0.509212212863574,0.0143123144891649
267,0.509043192776828,0.0144895161014817
268,0.507341553981689,0.0159234521808019
269,0.506574501552946,0.0155981960555355
270,0.51385007344474,0.0154989906009058
271,0.515930151482042,0.0155524749548238
272,0.515113772869437,0.0155064801107005
273,0.51413070125508,0.0154087409780539
274,0.514324518564195,0.0153545063901127
275,0.513280134099547,0.0153405365387853
276,0.516833695542685,0.01530517770148
277,0.515483526792691,0.0151765392063254
278,0.516136352496757,0.0152307803977157
279,0.517821394431392,0.0151337537723183
280,0.519615697544477,0.0150643047261732
281,0.523483319724584,0.0149634215829587
282,0.524513836121147,0.0149029101932944
283,0.529800696175744,0.0148438936348166
284,0.531434173743377,0.0147986137807294
285,0.531778196931769,0.0147108595903076
286,0.528630461550987,0.0146660335321636
287,0.528643579620354,0.014627813871179
288,0.528925742008539,0.0145182187825648
289,0.527175879712893,0.0144952586274317
290,0.528177188102041,0.0148437115393807
291,0.530209151173722,0.0148462965510386
292,0.530840991140355,0.0147821066077649
293,0.529792772710045,0.0147572673508741
294,0.534012977097321,0.0149137255548572
295,0.54007040290423,0.0146783508663233
296,0.542106718417523,0.0146043189444079
297,0.543973240654026,0.0146914999888059
298,0.54538126259382,0.0146162956313381
299,0.54498224258136,0.0145728465443741
300,0.548808273663877,0.0145721603946138
301,0.55910470652551,0.0145219629929746
302,0.555481124802912,0.0145163196329371
303,0.557703098919394,0.0144112713212952
304,0.561725344597576,0.0143033170841968
305,0.561116456520461,0.0142386482240933
306,0.552906701117102,0.0141926281100987
307,0.553917517879881,0.0141350370036286
308,0.558227010150503,0.0140415893820862
309,0.556149834530306,0.0141589844497984
310,0.558127306669,0.0140617908825062
311,0.560182611117698,0.0140173558228576
312,0.562260627246553,0.0141825831649102
313,0.563818895520234,0.0144177842358402
314,0.562633443154227,0.0143564703478579
315,0.561296528650663,0.0144046429295574
316,0.560785886020816,0.0143394188458089
317,0.561062821712546,0.0142668043211007
318,0.561847930778507,0.0143274951214323
319,0.563118289008596,0.0142404831625952
320,0.562667559293878,0.0141922487866395
321,0.556538271942655,0.0142567196903967
322,0.558840071298358,0.0141685757471447
323,0.54782242945162,0.0141263254259283
324,0.546471882641585,0.0140544346585502
325,0.54673905900526,0.0140049959954304
326,0.546177520678738,0.0139940240814745
327,0.54133084606695,0.0142958416209635
328,0.54069623251029,0.0141082051880859
329,0.544722675699057,0.0144713186217634
330,0.55159190936173,0.0144652412192858
331,0.553662289154062,0.0143335912728689
332,0.55013358178193,0.014168212720333
333,0.552397834461811,0.0178208135627913
334,0.553913946844444,0.017826095783234
335,0.555246751083011,0.0177742209899261
336,0.554839462511653,0.0177044515843641
337,0.553640584510078,0.0179372767237619
338,0.559580452371573,0.0179155070087134
339,0.565643010541761,0.0178560549639138
340,0.568572997307182,0.0178147055506905
341,0.570872692883944,0.0177863918279094
342,0.570350983339035,0.017670593038018
343,0.572297861597907,0.0176699378157661
344,0.572528691768473,0.0176108105857736
345,0.565167469826107,0.0175007627797363
346,0.564940774653673,0.0175417604059452
347,0.568551212627345,0.017497651105025
348,0.569634360844895,0.0174126316347192
349,0.56116999985437,0.0173699634432201
350,0.561015484524793,0.0173083403342073
351,0.559768472657778,0.0172016155469661
352,0.563860167713,0.0171210826530864
353,0.567071637124151,0.0171758572161322
354,0.566256000159834,0.0171535231259371
355,0.570048554745448,0.0170963155933989
356,0.571697813019528,0.0171233121162678
357,0.573127096070233,0.0170417755888045
358,0.572052074796999,0.0169630770273539
359,0.573964077808684,0.0169049001401703
360,0.574478440463427,0.0168130992726411
361,0.573616385663472,0.0167880048564786
362,0.571970378457918,0.0167640713032476
363,0.56918883116105,0.0166796995262941
364,0.569631203694238,0.0168721128818601
365,0.566477488350784,0.0168488899551555
366,0.562909153216316,0.0169560344460733
367,0.566932659101216,0.0169091544269994
368,0.558273458337562,0.0168191551993555
369,0.559731359216462,0.0167858638702368
370,0.562979639475322,0.0167570435089594
371,0.567927086924732,0.016694264975687
372,0.569400797893928,0.0166796134643513
373,0.575286592005599,0.0166424346674096
374,0.575459091497196,0.0165923819205878
375,0.575982892906118,0.0165611788916193
376,0.577446903623404,0.0165167018612844
377,0.581383538821262,0.0164346011577078
378,0.581480856065309,0.0163693994678813
379,0.582456941532104,0.0166826947861523
380,0.581845296511907,0.0166184124335624
381,0.584616338124224,0.0165731198203809
382,0.583900746980637,0.0165907325452032
383,0.585650081954427,0.0164921173704106
384,0.589528585915621,0.016484819769497
385,0.587256059414918,0.0166271409059947
386,0.585647555789251,0.0165617487692606
387,0.585576941595235,0.0165119172001479
388,0.586969944229669,0.0165077286907131
389,0.588753566509697,0.0165907576227209
390,0.587752963362846,0.0165264365532528
391,0.587630753287158,0.0165778679429791
392,0.58928054254847,0.0165410934978535
393,0.592619801210846,0.0166019235029655
394,0.592558000958489,0.0165375535702608
395,0.592296646084898,0.0164687252422579
396,0.596697570875709,0.0165214700700911
397,0.594449372192774,0.0165424681182456
398,0.59790784576455,0.0166231859399561
399,0.607220869975746,0.0168789217332637
400,0.605410818529502,0.0168210602850799
401,0.609973853612281,0.0168004185219497
402,0.623494296776503,0.0167741787384031
403,0.624439425070492,0.0167068309809737
404,0.621411269664438,0.0166813072984895
405,0.625464297525935,0.0166240744458352
406,0.62457137899238,0.0165324142473713
407,0.625682175888194,0.0163386881857495
408,0.637525792668484,0.0163271646249081
409,0.637418232709771,0.0162845443240687
410,0.639187621803356,0.016240498036571
411,0.639947716969621,0.0162103884736042
412,0.641207518141582,0.0161622364091379
413,0.654961337123898,0.0160420366306577
414,0.662984556920568,0.0161188592272983
415,0.668360239360704,0.0160941533743385
416,0.682859828827783,0.0161032026151762
417,0.684674398429352,0.0160868168076268
418,0.686121260504759,0.0153100334032094
419,0.689830300961666,0.0152316333009031
420,0.679514162157827,0.0151712336756035
421,0.679519549446251,0.0162019733886662
422,0.679750116861724,0.0183111542215396
423,0.680148506846806,0.0183348630383377
424,0.679590325190626,0.0183179625912238
425,0.669618261792656,0.0183920430793115
426,0.67984581908025,0.0185698797280635
427,0.678788633260198,0.0185695725430373
428,0.679536583030738,0.018479934076099
429,0.678881344472489,0.0185040078805714
430,0.679490373242905,0.0184792405124271
431,0.680411985670898,0.0184003300051665
432,0.679816796268118,0.0187399610784045
433,0.679054680468205,0.0191103375981162
434,0.681634138798209,0.0194516928148272
435,0.67980711879651,0.0194145133719524
436,0.679323780440237,0.0193633188435893
437,0.68764066781289,0.0193268964389373
438,0.68417716006389,0.0193602752146151
439,0.683535405351271,0.0192455923162454
440,0.685347790814487,0.0190708510536496
441,0.685739007210529,0.018970909945827
442,0.685351675212015,0.018973465981649
443,0.68671347654733,0.0188286623991862
444,0.685028790599999,0.0183581826017785
445,0.683671971800579,0.0182874188309693
446,0.683915071803881,0.0178193244387163
447,0.68474451988676,0.0182998559641237
448,0.68418916910861,0.0182220767709659
449,0.683547363274503,0.0180678008961608
450,0.684289552882451,0.0199051431925813
451,0.689599050692797,0.0196732970237791
452,0.688784065300886,0.0197034011549813
453,0.687501863725241,0.0196833805436089
454,0.687567099154112,0.0196943722693792
455,0.685939888792115,0.0195963769222344
456,0.686428684135978,0.0195233759397388
457,0.685482361368167,0.0194626417525481
458,0.684065974082498,0.0197414564280579
459,0.686769475856031,0.0200302357604318
460,0.688865230884844,0.0198158526252384
461,0.688389297778744,0.0198272436190154
462,0.689913435795274,0.0197430124792062
463,0.689459496204777,0.0197496938009129
464,0.679338395231729,0.0197978227182407
465,0.68068988889502,0.0197343445469616
466,0.681574722438477,0.0196346036458825
467,0.690347139844956,0.0195552439499385
468,0.702318732229477,0.0196470729285129
469,0.702966364558917,0.0195759609926238
470,0.700001626631725,0.0194991894171953
471,0.699059708017772,0.0195294449525509
472,0.698956147806535,0.0195050876993539
473,0.699236303712531,0.0194437331522318
474,0.698382172884205,0.0194349507627478
475,0.701751424691939,0.0193371608070062
476,0.703119928013962,0.0192006474447268
477,0.700410194228303,0.0192014452480869
478,0.700359421830389,0.0191106345799045
479,0.701101278307615,0.0188314053715182
480,0.701234518652699,0.0189616073206665
481,0.701841622376317,0.0192074488123101
482,0.700514005286624,0.0192548895056937
483,0.69020346081721,0.0187881951816334
484,0.690299680642377,0.0188050659144152
485,0.690976124177519,0.0187688909027806
486,0.68541312540858,0.0189644490125255
487,0.684943250503199,0.0188161176115354
488,0.684633159433223,0.018876922338925
489,0.686779375577306,0.0188183721936688
490,0.684516617011086,0.0190360640446657
491,0.684973253334538,0.0189711061910546
492,0.688083223200524,0.0191290886078843
493,0.695046402320902,0.0191128632771934
494,0.696244128463659,0.0192584013588006
495,0.696413399273462,0.0191199231000732
496,0.698360986841002,0.0192351881167242
497,0.698634141494445,0.0192463123209654
498,0.700338381057725,0.0193182727035918
499,0.702989452071302,0.0194369458140928
500,0.70551536597309,0.0197093741700452
501,0.708019807447155,0.0197517804172479
502,0.710552020038806,0.0197355941824171
503,0.713044572145782,0.0196456979797014
504,0.717718157706057,0.019599655704924
505,0.721151293626815,0.0193667296376594
506,0.724525702139416,0.0194085068084787
507,0.726136202128788,0.0194949183023001
508,0.727397873083231,0.0194066730793157
509,0.725742047332265,0.0193961791315
510,0.743106777684905,0.0192455114481003
511,0.743147865001572,0.0191635401945337
512,0.746680645236213,0.0190264035500314
513,0.739378175216394,0.0190987452581833
514,0.743910990029408,0.0192225893299418
515,0.743005116602349,0.0192941491452537
516,0.740744937491461,0.0194743955621512
517,0.741362792012402,0.0193396787627313
518,0.742734542784565,0.019296559795057
519,0.745273081173301,0.0193696750889369
520,0.748502964946247,0.0195514073427157
521,0.752392355085687,0.0194285785292302
522,0.754451520921624,0.0193596207659392
523,0.754894028984214,0.0192686301332644
524,0.753079775390471,0.0192880661322085
525,0.749489464049862,0.0192394511216332
526,0.756023373377218,0.0192211564189709
527,0.754736516467786,0.0191152912460548
528,0.753635132253271,0.0189652231793814
529,0.753909781706697,0.0190086751208653
530,0.76269613222686,0.0188925308480051
531,0.764460244765535,0.018911372187488
532,0.763984413437973,0.0190512246188987
533,0.769096490033027,0.0190060132122523
534,0.768170016259107,0.0190593677239687
535,0.772779771108091,0.0189573751208083
536,0.775532831957364,0.0188865495829357
537,0.775557519010965,0.0188679878330398
538,0.772743925678619,0.0187700627353734
539,0.79489864003855,0.0187348983374755
540,0.803213088387092,0.0186358193228693
541,0.801365075398305,0.0186627941081529
542,0.800317666476173,0.0185469693185003
543,0.801346019881182,0.0185266844443775
544,0.800663751962322,0.0184133045731147
545,0.801956793438036,0.0183329497264466
546,0.802097746641339,0.0184931824517599
547,0.801878523899474,0.0184871503955241
548,0.801769557314834,0.0183553933547774
549,0.801576968900062,0.0184892966862193
550,0.801824681467037,0.0185945925161621
551,0.806040889924971,0.0185491041573528
552,0.806931046688953,0.018446794146957
553,0.805762615901474,0.0185951623912093
554,0.806438493390249,0.0185662996774982
555,0.807084239582649,0.0186139168377555
556,0.806973878694153,0.0186484293329646
557,0.803250722567082,0.0186445251570579
558,0.802648212155077,0.0187009163480317
559,0.804135405718846,0.0186185490777668
560,0.804494912658089,0.0185934337049747
561,0.802664204663412,0.0185085130530996
562,0.802256755213167,0.0184146655091668
563,0.801783672661784,0.0184224893309637
564,0.802179892967151,0.0185762781381062
565,0.802007151149706,0.0185035471807649
566,0.801556672927315,0.0184455536505971
567,0.802347626233523,0.0183996180271273
568,0.801459646384164,0.0182909428750285
569,0.805740519282571,0.0181313845773844
570,0.80523896415697,0.0182081765664743
571,0.805131679239835,0.0185399147132744
572,0.801617279442588,0.01842568967477
573,0.802195854001064,0.0184385958152101
574,0.803657951988705,0.0183750571567872
575,0.802790765353073,0.0182753357691572
576,0.802068169342517,0.0181574909795973
577,0.803457612691037,0.0180569451904961
578,0.811349217456567,0.0180613989284582
579,0.811626126390547,0.0181401024596074
580,0.816872899360461,0.0180721445837564
581,0.815216218832003,0.0179802353493857
582,0.815788601489395,0.0183141859099209
583,0.814392903216748,0.0186427490449029
584,0.814180981482412,0.0185494326690917
585,0.814253291700353,0.0186320094778813
586,0.814919368193044,0.0188541611187346
587,0.814907777762085,0.0187862024167417
588,0.815223914530567,0.0188205924690497
589,0.809679740606381,0.0189183284290105
590,0.812632182959155,0.0188080062518894
591,0.812924784569694,0.0187708607940381
592,0.81280086472138,0.0188480383497553
593,0.813480434635468,0.0187814154422932
594,0.81294297305377,0.0186279694678916
595,0.812737685087645,0.01853041233036
596,0.80959512822821,0.0183771135642295
597,0.80896864194271,0.0183446474412702
598,0.809232011848195,0.0183003994389313
599,0.808913525250535,0.0182017316089794
600,0.810961943528551,0.0183956529326443
601,0.810312401575493,0.0183826560445116
602,0.809946121769409,0.0183517031084763
603,0.809457259104735,0.0183069306046928
604,0.809813933196909,0.0183405349665932
605,0.809481376599022,0.0183073868910908
606,0.809348451913071,0.0182903926251399
607,0.809480713306916,0.018307086483358
608,0.808324567495206,0.0182387710718113
609,0.808202044259097,0.0182014042035689
610,0.808954717160774,0.018082262619145
611,0.80793921819062,0.0180423592913084
612,0.805587810550458,0.0179621320382527
613,0.80623417828499,0.0179275374212995
614,0.805588809703908,0.0178457224219118
615,0.8055373976728,0.0177421878538701
616,0.799969494174195,0.0178462440588965
617,0.802196200730616,0.0178569678504633
618,0.803537000539677,0.0178712438345767
619,0.80590624136213,0.0178521658525562
620,0.806834063454809,0.0182196593471848
621,0.807496816653679,0.018213132392615
622,0.807136066945145,0.0183401580783124
623,0.806857203881302,0.0186330977413862
624,0.807921804812536,0.0190004899721573
625,0.808101338763199,0.0190197360400274
626,0.808113022849988,0.0189959613777955
627,0.809776268734446,0.0189449142677484
628,0.80962209123372,0.0189971168051699
629,0.809361354434696,0.0190621490643022
630,0.810491800927512,0.0190601074639049
631,0.811083988034769,0.0190163625754157
632,0.811019393413336,0.0190180108789536
633,0.809637054583895,0.0189964189595355
634,0.80835609582169,0.0191963026845078
635,0.807899857662292,0.019297601394818
636,0.802520593791572,0.0190634577102813
637,0.810635430215464,0.0183878223644693
638,0.81881614375267,0.0180506662567412
639,0.815285983964033,0.0178905150616736
640,0.81538078999032,0.0210313588270549
641,0.815223085631844,0.021121760641027
642,0.813305813834952,0.021020174124769
643,0.814033957001636,0.0211252006716014
644,0.813994734056156,0.0210806643029767
645,0.814128221100054,0.0211020175837852
646,0.81370693786502,0.0209036991778689
647,0.813978480820682,0.0208582438778998
648,0.815073518078011,0.0207909011441885
649,0.815500665179506,0.0207168833673129
650,0.815040489854819,0.0206779551264055
651,0.815505399610695,0.0207429597202655
652,0.815306673693183,0.0207253596502443
653,0.814036114826292,0.0206511154601483
654,0.813378284819794,0.0205657762599257
655,0.812901892992432,0.0205637695990625
656,0.813436182197729,0.0205412977934221
657,0.812754979616468,0.0204797702495353
658,0.812833469746824,0.0204315393064007
659,0.815936332807123,0.0203858127596564
660,0.816998808543917,0.0203609200072156
661,0.819574722015781,0.0203786620193363
662,0.819109222906292,0.0202643389760299
663,0.819710378621716,0.0201985842874115
664,0.820078672785998,0.0201321099118473
665,0.819205078097187,0.0201299321039196
666,0.819189699241534,0.0200515327309408
667,0.818624895211118,0.0199655493870782
668,0.815152371194992,0.0199251730054854
669,0.81580380477391,0.0198859848486719
670,0.815861310525125,0.0198296089962976
671,0.814973811109684,0.0215068169582027
672,0.81510540490131,0.0216712386154097
673,0.814826537382371,0.0229724593976728
674,0.814966502522392,0.0234740502426015
675,0.814142885839545,0.023339468148525
676,0.810115062427653,0.0233201198693545
677,0.810663828307688,0.0235546177726901
678,0.811443261175747,0.0234368486791418
679,0.811677307670994,0.0233987675826271
680,0.811977985100968,0.023287846973645
681,0.812821567937677,0.0230473904014739
682,0.816381520623927,0.0229388070228918
683,0.814740164148846,0.0228825729935353
684,0.815928675581396,0.0230209431759454
685,0.813134252786982,0.0231169708458911
686,0.813457275068348,0.0231234290579105
687,0.81393306838915,0.0230660419887475
688,0.813027423156474,0.0230432137631555
689,0.813619825341947,0.0224526660509155
690,0.813097182029373,0.0223509977021456
691,0.813218994301046,0.0221802893195575
692,0.813793570961575,0.0221361499743616
693,0.813192804250368,0.0220430096307791
694,0.812840556616072,0.0219084611753407
695,0.813240308790968,0.0218641245028349
696,0.813807142145064,0.0219550775856714
697,0.813321392499125,0.0218646118808877
698,0.813961659378668,0.0213094043399937
699,0.813591875062059,0.0212049026002501
700,0.812091370044746,0.021427559748258
701,0.811745742774389,0.0212662106369008
702,0.812176445393327,0.0211587755318852
703,0.812186049640586,0.0212547636519144
704,0.810789185690973,0.0212494217575947
705,0.810902340322383,0.0211973479217705
706,0.811784377459649,0.0213377124889982
707,0.811310834092278,0.0213544837239056
708,0.810936351334218,0.0211435891789357
709,0.810383365627279,0.0208997112186467
710,0.810149404843514,0.02101369975219
711,0.809886530453503,0.0209200547246238
712,0.810063832469463,0.0211298639213394
713,0.809624806754492,0.0210701259935936
714,0.809193851491601,0.0210659009154284
715,0.808478408329018,0.0210113985274089
716,0.807789236969578,0.0210102326126373
717,0.806951697912921,0.0209445203744119
718,0.806130731180072,0.0209248141889084
719,0.801628287498207,0.0209452587540442
720,0.80118434913563,0.0211247172562156
721,0.797082880465759,0.0207141618735156
722,0.797618999467149,0.0207997357590777
723,0.796985902803724,0.020885715101087
724,0.794718362721404,0.020775785071232
725,0.794427248510276,0.0207355569195665
726,0.79421613695797,0.0208393844183629
727,0.794078504513521,0.0208731032951444
728,0.793628334764791,0.0208450519160081
729,0.793079183598905,0.0210342887417738
730,0.79524375401829,0.020142601331273
731,0.79355265605045,0.0200381465794927
732,0.794324816167307,0.0190634829735897
733,0.794809871028482,0.019019336509604
734,0.795128933400336,0.018955375757157
735,0.795583590036472,0.0189568326014989
736,0.796111647922538,0.0189583569231359
737,0.796188502216676,0.0189101129120837
738,0.795902828760604,0.0188995508541931
739,0.795256340318349,0.0188006768994045
740,0.794664548875737,0.0187623575940953
741,0.794949679145529,0.0187367436181429
742,0.793883469847603,0.0188801216251647
743,0.791420490117725,0.019530552277672
744,0.791004591394615,0.0195055943776361
745,0.793168843158411,0.0214766498872932
746,0.787656727443405,0.0208724346665349
747,0.787278699958,0.0213446347993578
748,0.787103267312523,0.0214182252220937
749,0.784120634062212,0.0213915015360098
750,0.783936386047699,0.0213068368540939
751,0.78337084972646,0.0214384019549562
752,0.778059853172579,0.0212888527840185
753,0.770912350115858,0.0222011168366595
754,0.770355798426451,0.0220334188528375
755,0.769910650189195,0.0220316436845619
756,0.769566064076634,0.0219216045458046
757,0.768120215387133,0.0219131208980845
758,0.769197845102764,0.0218373294612096
759,0.768370093290566,0.0219806994042033
760,0.767475055233889,0.0219917317260584
761,0.770859561069387,0.0217633981775491
762,0.770911474234897,0.0208917260057398
763,0.761656028774464,0.0207285192772658
764,0.761136092281798,0.0204709886450869
765,0.761025750606416,0.0203730430775289
766,0.763111251065347,0.0203013681518466
767,0.762115499912047,0.0202986371160525
768,0.762033898068542,0.0203265538950447
769,0.7630155309697,0.0203385944647338
770,0.762519720059358,0.0204907486049798
771,0.762791619459917,0.020620180652058
772,0.763673293578012,0.0207726731185851
773,0.76375577781482,0.0207426771146423
774,0.764906349909613,0.0206435423523388
775,0.764706087132749,0.0206147139619928
776,0.76562307126593,0.0207058912385142
777,0.764995848098188,0.0208198469781029
778,0.764671229814025,0.0207985953056166
779,0.765105272636693,0.0208219278944514
780,0.762656265798822,0.0206468381809766
781,0.762309811640282,0.0206802093648572
782,0.76182329033986,0.0205883453185158
783,0.761648212460083,0.0205566796817399
784,0.760609415245337,0.0204892652656894
785,0.761041285680292,0.0204139723588395
786,0.761421578757595,0.0203519948533792
787,0.760924066649518,0.0203952191696022
788,0.761398215506832,0.0202784662406971
789,0.761305812254816,0.0202815720615852
790,0.76130477448572,0.0202730106244631
791,0.761145988668916,0.0202669132595542
792,0.762097503155292,0.0201983749363071
793,0.760427965088212,0.0201444458388852
794,0.760465071225484,0.020013274975299
795,0.762334714775067,0.0196423989322252
796,0.75843554614145,0.0195348769888865
797,0.755937762549734,0.0185770869228432
798,0.756676913581034,0.0185717638132331
799,0.761865474679726,0.0184382977349408
800,0.762412048077389,0.0184017354152422
801,0.764893243808815,0.0184322496506962
802,0.765030562036026,0.0183674427672908
803,0.768579235325819,0.0183350900149427
804,0.768439221526361,0.0184055382771168
805,0.76766892866631,0.018440303861828
806,0.767913620475761,0.0182594352923179
807,0.769027741319685,0.0182809838005047
808,0.774467098208999,0.0181785737483865
809,0.77385611616031,0.0182891402709623
810,0.773529418988962,0.0183819837182582
811,0.773249804689659,0.0179038117452301
812,0.772912823437837,0.0179959325409284
813,0.772540984484904,0.0180035476350143
814,0.771674560590733,0.0180417053930301
815,0.771307038159815,0.0180605992365721
816,0.77384774655516,0.0178638784461106
817,0.773631317870601,0.0178400462419581
818,0.773523901855316,0.0177486072345573
819,0.772952288601762,0.017706578965519
820,0.772427910828505,0.0176468796257989
821,0.775278388698615,0.0177882726882549
822,0.775086669115927,0.0177916623281307
823,0.773936922239709,0.0177177869975072
824,0.773588377637819,0.0177912662666497
825,0.77299245157371,0.0177843689599786
826,0.771544706862551,0.0177269001529229
827,0.77122890527067,0.0176872029309034
828,0.767041046750297,0.0177137359150095
829,0.766611867667605,0.0176947535146203
830,0.766379283091163,0.0168785918148069
831,0.760855488089359,0.0168556627255095
832,0.759237717303019,0.0168170164143022
833,0.75892708388741,0.0167716240248115
834,0.758915744780366,0.0167678635083687
835,0.759089302013507,0.0167299964127863
836,0.757639769252438,0.0169037209360375
837,0.759886937379643,0.0169564065694445
838,0.759859544451345,0.0168989616810782
839,0.756480832779065,0.0169765595378146
840,0.756613578185362,0.0170320538331126
841,0.749476671739484,0.0170602861647716
842,0.748837610417078,0.0170856690161256
843,0.747270175119439,0.0170487987010211
844,0.746594438470306,0.0169169153708887
845,0.747167253878972,0.0168892777259344
846,0.747332279045934,0.0162473650086549
847,0.745267122935389,0.0161748246070798
848,0.742919966526859,0.0162555789419692
849,0.74269369093267,0.0161191354237457
850,0.742343229275219,0.0160840836910616
851,0.740466939541476,0.0161216602684967
852,0.739320531384761,0.0160977793457206
853,0.738964850731454,0.0159579585772516
854,0.738192484365231,0.0160071087851784
855,0.740957356742689,0.0160865119498403
856,0.740370768895168,0.0160378819825323
857,0.740212317600743,0.0158590906603493
858,0.740779462464512,0.0154698414109476
859,0.747748208915783,0.0154384437705902
860,0.746969971155616,0.0154531401627591
861,0.746001248236999,0.0153839596741968
862,0.745442298874298,0.0152280595396272
863,0.742694626538606,0.0151296155584278
864,0.742174287794739,0.015157272655728
865,0.741861000602543,0.0146511086423906
866,0.741597519496896,0.014664548997101
867,0.741111556872937,0.0145948009744376
868,0.73946298686025,0.0145493823428054
869,0.738043795450997,0.0144842825009931
870,0.742610856235826,0.0144240641838915
871,0.742328359445523,0.0144765412517587
872,0.740957508798857,0.014466257082061
873,0.740442769307048,0.0143826509548095
874,0.740189530644231,0.01426017668228
875,0.739743941934829,0.0139804796084373
876,0.738891357150928,0.0138554116122337
877,0.737395063535484,0.013485766700441
878,0.736024775543241,0.0133485446976967
879,0.736084404372797,0.0132384443761348
880,0.739678682995432,0.0132434394881831
881,0.740383862666865,0.0131465269882472
882,0.731560541167834,0.0129375923696641
883,0.731403385784508,0.0129328597847984
884,0.730616690000639,0.0129152740455071
885,0.730588820483228,0.0127692079489876
886,0.730199433819762,0.0128445620538889
887,0.730494462263473,0.0126889631506115
888,0.730750967479043,0.0126029913907031
889,0.730691249700568,0.0123411346075558
890,0.730422831467596,0.0121916038136804
891,0.730429731980128,0.0121233104856338
892,0.729875458272067,0.0121763723230028
893,0.729424316697236,0.012212734044053
894,0.729617003128007,0.0121390461305856
895,0.729788975153056,0.0121003509398623
896,0.73321080171919,0.0119188456439766
897,0.732989716586822,0.011766279600575
898,0.732410909429312,0.0115478243402598
899,0.73262056699098,0.0115094815058
900,0.732180925854224,0.0114801529502703
901,0.731610478779052,0.0115841944614202
902,0.732142558459831,0.0116027562700337
903,0.730372003053504,0.0116340383647171
904,0.73483305529935,0.0117305621356009
905,0.73492245263946,0.0117127468483868
906,0.733066614092515,0.0115718772275378
907,0.732638456929785,0.011479615653326
908,0.72978771258032,0.0113839403915725
909,0.729256232172519,0.0114080430913786
910,0.729616962627345,0.0113590734505286
911,0.729603180703829,0.0115013680402365
912,0.729735272725504,0.0116415631224237
913,0.729377153753034,0.0117785671983321
914,0.728837852512773,0.0116850540675647
915,0.725201714695098,0.0116051843278677
916,0.725449045401817,0.0115951573261853
917,0.7242350052964,0.0114932524551402
918,0.723463109281123,0.0114047458580158
919,0.722943904822301,0.0113700870823378
920,0.722886008861197,0.0113257066969994
921,0.727786074233713,0.0114013666989117
922,0.725654003874697,0.0116071000965453
923,0.725807348288635,0.0116189242818752
924,0.728251964865766,0.0115726997228337
925,0.728718858412208,0.011637454025366
926,0.728315528372096,0.0116433645153278
927,0.728383293388842,0.0115851526097702
928,0.728114387687287,0.011573727310934
929,0.7278213783948,0.0115183176626164
930,0.728887034981122,0.0114460050925628
931,0.729510178803419,0.0114281859744061
932,0.729325241510797,0.0113067512947235
933,0.729138614719116,0.0112197110981853
934,0.728635587585245,0.0111379768108682
935,0.727429677619928,0.0111334603605079
936,0.727468798404483,0.0110599983914475
937,0.724963531090389,0.0109791829284108
938,0.723781275327029,0.0110789357053116
939,0.720534080102887,0.011083095520434
940,0.717268532836912,0.0112980719394957
941,0.71702464655738,0.0113602869317682
942,0.716549952143405,0.0112692641781252
943,0.716077602326396,0.0113124827078543
944,0.715595485577879,0.0113828753649635
945,0.715614864303723,0.0112951567486132
946,0.714837226866548,0.0113433244510191
947,0.714432725696042,0.0112200744611165
948,0.714120480307414,0.0112616755535595
949,0.711099871292326,0.0112255734016143
950,0.709934373416008,0.0112005817707363
951,0.709860704865868,0.0111829905175514
952,0.705630050969324,0.0111306999998141
953,0.7054366289237,0.0110022210582132
954,0.703208268456957,0.0109956461796313
955,0.702844440840989,0.0109868585254715
956,0.702913272543921,0.0109632398086581
957,0.702572832476474,0.0108219100657244
958,0.702126775090841,0.0107485049835274
959,0.701652640522401,0.0106702756159758
960,0.700826467994016,0.0105868689632686
961,0.70046443501367,0.010307302333765
962,0.699520211769403,0.0102419194962643
963,0.694355167111512,0.0102361853322046
964,0.694059968699275,0.0102495329498853
965,0.693973996618112,0.0102618001295133
966,0.692165031764582,0.0102311148249064
967,0.692844652154535,0.0104289908809022
968,0.692361377555984,0.0103640700474312
969,0.691873154007812,0.0102601156686831
970,0.693983273203982,0.0102942109721865
971,0.692952084048753,0.0102219388565516
972,0.692200874596557,0.0102175486777346
973,0.691832651474343,0.0102025065008937
974,0.691538619945454,0.0101899346125441
975,0.691271271039189,0.0101484746945061
976,0.690981883726933,0.0101231622375086
977,0.68971473638619,0.0100918692364985
978,0.688121170090086,0.0100913278269212
979,0.687432959380524,0.0100982548846389
980,0.684591916509284,0.0100387707801236
981,0.684664289846028,0.00984182109788988
982,0.683676096156754,0.00975499526978604
983,0.682797282608993,0.00976836790631846
984,0.682307507139993,0.00978888809830283
985,0.681820452909004,0.0097053531340693
986,0.681329160002419,0.00965157286011652
987,0.681140711052925,0.00967280528450039
988,0.67992636758717,0.00962147837075637
989,0.679016206225136,0.0096289022417884
990,0.678566580239377,0.00956341014268348
991,0.677909658756695,0.00956055920239372
992,0.676845435248655,0.00956147483274047
993,0.673877098069058,0.00944388903726451
994,0.673336893632387,0.0094059992453748
995,0.67281001978157,0.00923390067463414
996,0.672674133715301,0.0092796310055072
997,0.672005823091311,0.00921646038287711
998,0.671524850591529,0.00910281146368923
999,0.670414121063647,0.00912494070216142
1000,0.669791934307282,0.00902429495608603
1001,0.66963929881024,0.00914401590739763
1002,0.669451366166382,0.00906074073052149
1003,0.669401086392767,0.00904872894913583
1004,0.669023227998413,0.00898185825664902
1005,0.668666564267726,0.00892924847909449
1006,0.668449640035363,0.00888349651418194
1007,0.667842637283883,0.00896094399765686
1008,0.667325093476218,0.00886645016240643
1009,0.664509991000086,0.00886148910326258
1010,0.66260873449853,0.00858430894228333
1011,0.661858304482633,0.00853092119979923
1012,0.658535964667659,0.00860962819786276
1013,0.658251412167574,0.00862311079829139
1014,0.657906615362738,0.0086020181937936
1015,0.657214086988657,0.00858861980682334
1016,0.657325016945719,0.00849286319388227
1017,0.656936292858151,0.00840585247219999
1018,0.657114959673678,0.00833020885913631
1019,0.6553191736543,0.00826601297949649
1020,0.654329682430693,0.00821304783514153
1021,0.652689660149602,0.00826067453168351
1022,0.652301869884025,0.00813999275322935
1023,0.651873812391272,0.00809917577736288
1024,0.651694373464039,0.00773048872866489
1025,0.651752120010879,0.00773661318541184
1026,0.652368597811414,0.00766809367544048
1027,0.648795621123107,0.00763453096565518
1028,0.648407041901799,0.00769735671358308
1029,0.647982994028062,0.00763121728248528
1030,0.647450960631277,0.00759810068595032
1031,0.646165640814157,0.00747504227609269
1032,0.641462845413088,0.00752700823741219
1033,0.640567847790949,0.00752597196956364
1034,0.640032029167081,0.007475760228842
1035,0.639651179804086,0.00745130431758043
1036,0.63921943336912,0.00737961683980255
1037,0.639226493331108,0.00732097033835903
1038,0.63714687860078,0.0073692716961339
1039,0.637056833538576,0.00731921313929849
1040,0.634912375884629,0.00720227113897662
1041,0.634614021606117,0.00712862672602926
1042,0.634240033112829,0.00723988461700811
1043,0.634198100979185,0.00725045913969591
1044,0.633784384892285,0.00688196914471305
1045,0.631223279835371,0.00696408127836275
1046,0.630674856499563,0.00702490058263744
1047,0.630743995939892,0.00714994512194016
1048,0.629942803486289,0.0074163423826198
1049,0.629035953966323,0.00746871261399694
1050,0.617324977126955,0.00741957979971548
1051,0.617136881702499,0.00755499024136247
1052,0.616946702019166,0.00741665044218157
1053,0.616931186061448,0.00720148270193433
1054,0.616590761350169,0.00729122646975308
1055,0.616119903775088,0.00743368398937212
1056,0.615879439171234,0.00740655104975556
1057,0.615644420256619,0.00715301261719349
1058,0.616286147151697,0.0070299614641115
1059,0.615147470584662,0.00705963329140921
1060,0.615058781626766,0.00698396844203393
1061,0.612746630613253,0.00699856463038799
1062,0.612794606002526,0.0070098613358163
1063,0.612806872883416,0.00690461952520061
1064,0.614707118178497,0.00683439904607883
1065,0.613432284021404,0.00685822358962535
1066,0.609577399187214,0.00681730505230409
1067,0.609515934652752,0.00682305437389343
1068,0.608410340062967,0.0066444001578284
1069,0.608435612693768,0.00662187309458104
1070,0.608398249971764,0.00665206220962539
1071,0.607313739743084,0.00660400950788778
1072,0.599587016231893,0.00648100266627183
1073,0.599243369375667,0.00662378720563082
1074,0.598667689166438,0.00664851343821501
1075,0.598355627812832,0.00667334297280481
1076,0.597893066547594,0.00665586464188231
1077,0.597371832486521,0.00659959212844165
1078,0.596913994879451,0.00656596500880245
1079,0.596629559851224,0.00650493577053775
1080,0.596206088041583,0.00643705152566559
1081,0.595760107112726,0.00635633508651182
1082,0.595027099340884,0.00643165123197909
1083,0.594955657341993,0.00634570780227936
1084,0.595351214350508,0.00622003153475688
1085,0.59485212610421,0.00602416893968698
1086,0.594459800413872,0.00603795184133261
1087,0.593849365277378,0.00597210695276494
1088,0.59354616257523,0.0058889020825855
1089,0.592750972651709,0.00567783063760836
1090,0.592107312969624,0.00564006302026536
1091,0.590013524595747,0.00549693868074078
1092,0.588747170115965,0.00551193036729103
1093,0.588423245221672,0.00542799575683647
1094,0.588174087950264,0.00530470319374382
1095,0.587789978263259,0.00526366468766808
1096,0.587388861715347,0.00518739430581151
1097,0.58683396515384,0.00513045087035068
1098,0.586201526653825,0.00510614060694223
1099,0.585326389941904,0.0051779501508728
1100,0.585330745458017,0.00520671158962641
1101,0.581226877750104,0.005373978193843
1102,0.582892297689544,0.00539284018228224
1103,0.586844705071957,0.00532697699301651
1104,0.585571130802126,0.00533731745080396
1105,0.583730896200733,0.00533899614007052
1106,0.583255140146593,0.00531254863231657
1107,0.582089854114892,0.00527500308465044
1108,0.581602567680374,0.00522875577049738
1109,0.580871972129251,0.00517456680977707
1110,0.575804718537739,0.00500326990201974
1111,0.575367827599245,0.00505799298598808
1112,0.574956789628587,0.00498439477853971
1113,0.574630372392107,0.0050549759543644
1114,0.574226899260373,0.00493698830464344
1115,0.57392008735239,0.0049098859556931
1116,0.573191288263938,0.0048820125344101
1117,0.572246516701047,0.00483641184905358
1118,0.574125537382423,0.00478832150589155
1119,0.572577045216039,0.00472653949386485
1120,0.567879692263512,0.00471410763451499
1121,0.567576934241829,0.00472900697071499
1122,0.568205935423454,0.00480160188740084
1123,0.568136367412093,0.00487325886814799
1124,0.567586998321414,0.00494024504106198
1125,0.567540329136181,0.00492599197725109
1126,0.56759646667041,0.00481512529540927
1127,0.56714100352545,0.00472314981820672
1128,0.566854188875785,0.00488969277723333
1129,0.565210380940116,0.00489499811739305
1130,0.56468975723084,0.00491268857815497
1131,0.564248378895705,0.0049521631820747
1132,0.563773843960714,0.00483150418107089
1133,0.562788364767678,0.00490904249740703
1134,0.561478768842413,0.00492572202385358
1135,0.55960340587284,0.00481688078892707
1136,0.559108897433363,0.0047468414967181
1137,0.557254387298947,0.00465929734255784
1138,0.556703301590801,0.0047527562513761
1139,0.554749744843563,0.00461707988152474
1140,0.561010965633501,0.00460392209698424
1141,0.559805538098624,0.00460802087042986
1142,0.5597291518849,0.00455938765614135
1143,0.55938451668962,0.00462295259018979
1144,0.559035922042654,0.00449695843163868
1145,0.559015143274057,0.00443172598119923
1146,0.558408188121261,0.00442827509664277
1147,0.557269593947754,0.00412547584395546
1148,0.5573148514341,0.00418012728142596
1149,0.556976062190229,0.00418924562259083
1150,0.555070989356273,0.00415575718812766
1151,0.554147895320843,0.00406399070700134
1152,0.553475792216309,0.00400610367392068
1153,0.553543179988475,0.00391588132464919
1154,0.553140679782419,0.00380695086010209
1155,0.552760006809168,0.0039849523810742
1156,0.54923479971806,0.00407097814534614
1157,0.549325161280202,0.00388460708129051
1158,0.550271896126337,0.00373955307957832
1159,0.549279873317409,0.0037552706396532
1160,0.548997347993441,0.0037150241247914
1161,0.548555171717195,0.00368063480719169
1162,0.548362779796363,0.00337121798462697
1163,0.548132937333151,0.00347683391495116
1164,0.541308067017354,0.00337716615258889
1165,0.539134477468136,0.00335103365042298
1166,0.538675091035216,0.00326080333763697
1167,0.535129363927017,0.00307517177590914
1168,0.532188190060675,0.00307176813779012
1169,0.531827923564033,0.00293280810277008
1170,0.531359460829474,0.00282048589495074
1171,0.530820226592581,0.00291206248750592
1172,0.530172372738116,0.00312620551575142
1173,0.52765455267007,0.00301512940625794
1174,0.527193160773642,0.00300069800862912
1175,0.52668971155512,0.00298518015111247
1176,0.525800790816188,0.00287563540326737
1177,0.525419620673822,0.0028790650640375
1178,0.522445914160514,0.00271486054615823
1179,0.522084753128315,0.00294387057806034
1180,0.521578324114907,0.00287424593797578
1181,0.520565349628156,0.00286433740504749
1182,0.520132748241329,0.00313853376985077
1183,0.519841627233434,0.00303679121592305
1184,0.519530184761781,0.00328426401242853
1185,0.519140400163046,0.00346670735563066
1186,0.517449899431892,0.00341204799965539
1187,0.517144161410713,0.00339792116633811
1188,0.516596842649903,0.00363180558060551
1189,0.514556481963113,0.00352808325919272
1190,0.510779412215364,0.00344817763923852
1191,0.510366189315316,0.003846724970829
1192,0.509449363227238,0.00366625972636406
1193,0.50906997340629,0.00368130428992265
1194,0.508549779793125,0.00359303663915354
1195,0.5069971652154,0.00357259299597863
1196,0.50647614572549,0.00354035336446605
1197,0.504713426601709,0.00349857151334168
1198,0.5045521460436,0.00335388171130857
1199,0.504225576301128,0.00329413383215157
1200,0.503734531505979,0.00321371118999808
1201,0.503021425977599,0.00312486278229289
1202,0.502772357072415,0.00430005104758072
1203,0.502572769031535,0.00430779134126724
1204,0.502055212190195,0.00424386430115585
1205,0.501602791812127,0.00418555340631484
1206,0.501439930576197,0.0040645402049944
1207,0.500474934324631,0.004005321506681
1208,0.498305252678238,0.00393056346879694
1209,0.494263718373669,0.00397301746479614
1210,0.49376751408206,0.00403108395354573
1211,0.493287168146993,0.00449028436218704
1212,0.492596830073157,0.00520921752545424
1213,0.492397998530684,0.00529081903588689
1214,0.493142161389488,0.0052710408510049
1215,0.492478792592476,0.00520993851951718
1216,0.492394915693683,0.00517956265711321
1217,0.492043670824838,0.00522398672898573
1218,0.491530392999053,0.00490824955866496
1219,0.491135913628946,0.00480201120385568
1220,0.489720241350908,0.00456269258789826
1221,0.48735720130001,0.00449916265280528
1222,0.486829587947531,0.00439366499699634
1223,0.486587499340927,0.00427595909306965
1224,0.486293609592555,0.0041641889332061
1225,0.486145434472762,0.00415038996611299
1226,0.485591644571545,0.00448030117801237
1227,0.485384442100806,0.00440358596481139
1228,0.484992165704416,0.00503378254149919
1229,0.484730141608325,0.00470017200664935
1230,0.485160554976244,0.00457089299058581
1231,0.48448392890441,0.00450126296436085
1232,0.483965802033871,0.00451520000126304
1233,0.483573850030678,0.00441705297022807
1234,0.483458915123764,0.00435947224516438
1235,0.482537927665307,0.00424153387978292
1236,0.482020852893614,0.00420551736564991
1237,0.481238491463016,0.00415265454483882
1238,0.48025955922325,0.0041077956775388
1239,0.478145770873974,0.00405270453804035
1240,0.478065812441332,0.00399818657687825
1241,0.4764833262434,0.00395175805684002
1242,0.476729634549269,0.00385468776388485
1243,0.47680387627828,0.00388766841640927
1244,0.484307656111121,0.00396086454059068
1245,0.484205354899645,0.00398543695438607
1246,0.483995282650753,0.00410592439556036
1247,0.481231083350352,0.00419846407361844
1248,0.481066922017268,0.00412846038580447
1249,0.480916295324766,0.00416148267285382
1250,0.480694828938847,0.00413207873091795
1251,0.480332066504977,0.00403737467163023
1252,0.479948806806314,0.00415668260716116
1253,0.478939797810058,0.00403786813682734
1254,0.478139467266748,0.00401777596784218
1255,0.477908100587879,0.00432031438186299
1256,0.477519544459861,0.00437875825381706
1257,0.47705481425171,0.00439542196883655
1258,0.475974439138695,0.00429103721184759
1259,0.475765884598466,0.0042110917420895
1260,0.475299935463419,0.00413169431936913
1261,0.475207374790802,0.00416228910606309
1262,0.474719292243047,0.00409144225504962
1263,0.474202271311662,0.00397372393735292
1264,0.473460864787068,0.00391944615474031
1265,0.47295367454802,0.00387918808740952
1266,0.472567002718044,0.00409545220371753
1267,0.47227809695746,0.00410777235540757
1268,0.471978973612158,0.00432633835890822
1269,0.471345789614636,0.00423665979245283
1270,0.47097797241453,0.00422978770137807
1271,0.470363027865803,0.00430944814419741
1272,0.470157645955158,0.0042816419275012
1273,0.469380679635999,0.00428273225062153
1274,0.468918699899363,0.00432344171683989
1275,0.46878687466094,0.00435833567659162
1276,0.468865720100607,0.00436746881954696
1277,0.468551511725333,0.00439220072657828
1278,0.468493243274964,0.00424240034814755
1279,0.46812383496073,0.00424871383994876
1280,0.467896373813412,0.0060726558784262
1281,0.465126501294856,0.00598084992924951
1282,0.458026391504881,0.00591230405985373
1283,0.459269933084585,0.00601231626402392
1284,0.461627246490043,0.006027144636104
1285,0.461270684465099,0.00600999819890957
1286,0.460424004628025,0.00707040677980106
1287,0.459992402717875,0.00738847471981058
1288,0.459473345719041,0.00762589186892887
1289,0.45882915868135,0.00765824905707005
1290,0.458496476617007,0.00778145134362818
1291,0.458719878773637,0.00829059519953532
1292,0.457868650243828,0.00835559542488469
1293,0.457583219345759,0.00907752106435604
1294,0.457025275570202,0.00901590461475534
1295,0.456813619043985,0.00896935440930578
1296,0.456241090261069,0.0088479599125357
1297,0.455185521710763,0.00888593294437229
1298,0.454551877115155,0.00830648553999938
1299,0.454331656149535,0.00832877297931402
1300,0.4540061569656,0.00837325240108432
1301,0.453543654301151,0.00830080423754094
1302,0.453209340262244,0.00848382823761057
1303,0.453509539700386,0.008493653347364
1304,0.452689907247604,0.00849731640493158
1305,0.452352248702401,0.0084590061273818
1306,0.452014479346819,0.008467827149877
1307,0.451648518416772,0.00849816851074642
1308,0.451341658261435,0.0084640480835029
1309,0.451020991071381,0.00850773980808883
1310,0.450332879727919,0.00847157607896497
1311,0.447790100576688,0.00835365502503911
1312,0.448711738991851,0.00835300164566415
1313,0.453413540040246,0.00827467566016317
1314,0.452453449730432,0.00837605282602572
1315,0.456182587335323,0.00834041488170442
1316,0.45478341702352,0.00841884720964443
1317,0.45431682620333,0.00845207505435024
1318,0.453761656478181,0.009307870483554
1319,0.453350621974584,0.00944686478330103
1320,0.452842077207928,0.00935396571494293
1321,0.452788231845229,0.00894515768692834
1322,0.451668285543698,0.00891574270303779
1323,0.451174590498772,0.00890142755381031
1324,0.450878662710239,0.00894324028327941
1325,0.45081105234384,0.00895375814443641
1326,0.450008407323288,0.00888274702356634
1327,0.449797814969648,0.0120310296714979
1328,0.449557728510829,0.0120307071809803
1329,0.449552392978761,0.0120415130043463
1330,0.449802793563751,0.0122574905130131
1331,0.449753636280612,0.0123548801984998
1332,0.449237556889691,0.0124388359818027
1333,0.448493220561103,0.0125946674627257
1334,0.448002549721985,0.0124963536744398
1335,0.441797422016183,0.012484187421634
1336,0.441328037175367,0.0124957839745984
1337,0.441094029838794,0.0122754743984166
1338,0.440551930660146,0.0121807790446972
1339,0.44013918660635,0.0122018717067562
1340,0.439793040201308,0.0121368385409185
1341,0.43988425074586,0.0122009004987999
1342,0.439562367389598,0.0122084016409232
1343,0.439426493080134,0.0121073972858715
1344,0.438158646006202,0.0121107100080424
1345,0.437596702545357,0.012138065577736
1346,0.436824032659244,0.0120999718465421
1347,0.436347817031222,0.0120753751531837
1348,0.435481410402584,0.012623914136734
1349,0.434622309739477,0.0125375791092859
1350,0.433402815312077,0.012502130350216
1351,0.427809066630122,0.0125087345267247
1352,0.428424326127046,0.0125345549727085
1353,0.423976469920266,0.0128421960235391
1354,0.4226257388319,0.0127969288113998
1355,0.422864625273262,0.0129440899877198
1356,0.421324102086966,0.012707948524782
1357,0.419123588419572,0.0126905587039754
1358,0.41872693613608,0.0118251946241004
1359,0.416833664940261,0.011873854607187
1360,0.415430921201086,0.0117260217347975
1361,0.414984637166951,0.0115462101637866
1362,0.414444234775531,0.011549066645705
1363,0.41391609263218,0.0117387447330196
1364,0.413712522634587,0.0117280806566593
1365,0.41339548158775,0.011683117055946
1366,0.413048466240951,0.0126143204807398
1367,0.41259261624381,0.012651653016716
1368,0.410925097104583,0.0126865459059165
1369,0.410679994568214,0.0130676003208609
1370,0.410086781677141,0.0130765378803966
1371,0.408843290263731,0.0130294579907101
1372,0.408511549908746,0.0130356527424411
1373,0.4080048007488,0.0132844236461161
1374,0.407775113213876,0.0132980661478483
1375,0.404544373754427,0.0132273315358181
1376,0.404010771278576,0.0135929933295477
1377,0.402895086306528,0.0148060934335015
1378,0.40092986746062,0.0155281362209397
1379,0.400620593306613,0.0161151682726703
1380,0.400208909883811,0.0161765041433098
1381,0.400086559412386,0.0162399117511997
1382,0.399741141939972,0.016265705094906
1383,0.399215429502889,0.0162380441612958
1384,0.398576815006631,0.0162009989866822
1385,0.398072725151759,0.0161617201794083
1386,0.397676709787007,0.0163657262812652
1387,0.397342450918442,0.0164175503777542
1388,0.396535633048058,0.0164188709551437
1389,0.396032823087832,0.0164588627948083
1390,0.395701875374211,0.0164380849953561
1391,0.395046914267227,0.0163648460258664
1392,0.394619930567702,0.0165473313075797
1393,0.394259343113114,0.0168089077070924
1394,0.393717562239759,0.016888187913242
1395,0.393116093660592,0.0165213149504429
1396,0.392639754893086,0.0164887142583093
1397,0.389662588909005,0.0164213675082569
1398,0.389142259171661,0.0164272108727231
1399,0.388395539794582,0.0163840675231596
1400,0.388566043435709,0.0164128717956085
1401,0.388439925022874,0.0164502613028604
1402,0.385169726473944,0.0164456581125756
1403,0.384651102715393,0.0164115462217214
1404,0.38379048641032,0.0164218003160964
1405,0.382485533973677,0.0165462250462682
1406,0.381901002944471,0.0167087072722686
1407,0.381582534129681,0.0166475355547173
1408,0.381249692353894,0.0165316925818194
1409,0.380875344664091,0.0165047296517901
1410,0.380374886240728,0.016495973762416
1411,0.379837061461846,0.0164649408271947
1412,0.379310805971774,0.016552531066228
1413,0.379332920147489,0.0164948295229428
1414,0.379162227614294,0.0164858502749698
1415,0.379430255087872,0.0164015880860911
1416,0.378892758570547,0.0163708481851942
1417,0.378336009775352,0.0163566207996697
1418,0.37802653448887,0.0162169056660993
1419,0.37759945883498,0.0162695159973504
1420,0.377166864271978,0.016023676480166
1421,0.376688195599295,0.0161286387571458
1422,0.37599941615022,0.0161483348708053
1423,0.375113334749354,0.0162821297567029
1424,0.374987559269211,0.0162554446778146
1425,0.37461937242231,0.0159888113806439
1426,0.374273448776373,0.0158794632305495
1427,0.373708087898053,0.0157231273914277
1428,0.373274119964869,0.015519850220213
1429,0.372736383850232,0.0153169225635818
1430,0.371921181316918,0.0151894091011513
1431,0.371531639710119,0.0151349537112731
1432,0.371166663521823,0.0151444922925596
1433,0.367955397121732,0.015073769645491
1434,0.367302295596125,0.0149699634029213
1435,0.367278053915364,0.0149443568182223
1436,0.367066374883901,0.0147978903995434
1437,0.36713225881467,0.0147870635746654
1438,0.367527348220383,0.0146816520880815
1439,0.367234487667856,0.0148007221591483
1440,0.367115474523249,0.0147515599301558
1441,0.366801052190145,0.0147848480516094
1442,0.366332203822162,0.0146982881963708
1443,0.366502623855675,0.0145677972066147
1444,0.368289631121235,0.0145150003339821
1445,0.367841638201012,0.014424998964788
1446,0.367513765684327,0.0143813574142054
1447,0.367064276247731,0.0142661586837446
1448,0.366601521122965,0.0141635059513685
1449,0.366170415483239,0.014084664102688
1450,0.366122507538827,0.0139705383965816
1451,0.365619078861502,0.0139392818953595
1452,0.365162952518531,0.014007055926769
1453,0.364624425560405,0.0139608030954139
1454,0.365320676301382,0.0139073549149108
1455,0.364034249440955,0.0140355062952202
1456,0.363800593310398,0.0141503996382773
1457,0.363392052991897,0.0142324148868093
1458,0.362944292156214,0.0143387990265502
1459,0.362463285303824,0.0140914710589891
1460,0.362297502829037,0.0139040660684888
1461,0.361849350488357,0.013813175429321
1462,0.361006555313133,0.0137510030361202
1463,0.36037486472907,0.0135250516106302
1464,0.359783098201313,0.013363073994585
1465,0.359476292646209,0.0133023182773417
1466,0.359091669998644,0.0133987426482677
1467,0.358678881215192,0.0138794840047797
1468,0.358340984443979,0.0142601237974074
1469,0.346094120377482,0.0145579607309029
1470,0.345746059745952,0.0145971747635973
1471,0.345576741078691,0.0145704044731619
1472,0.345065629654963,0.0147124092107715
1473,0.344879328703423,0.0146460304375149
1474,0.343662900216462,0.0146740030927365
1475,0.340086251462537,0.0146627185556502
1476,0.339640603488555,0.014709772446574
1477,0.338525351462603,0.0145920861398813
1478,0.33751817864245,0.0146120991241716
1479,0.329315920029184,0.0143982242101318
1480,0.329139503895601,0.0145762437004979
1481,0.32863709075416,0.0145159808454594
1482,0.328299261950933,0.0146796862020161
1483,0.328071832631392,0.0149442859481639
1484,0.327722615663709,0.015067764875497
1485,0.327523074506013,0.0151526545471343
1486,0.327073523818747,0.0150947252289946
1487,0.325891882394814,0.0150574700794047
1488,0.325782663122452,0.0151222106215587
1489,0.324668180059783,0.0151267039796602
1490,0.324309358497757,0.0150992477317062
1491,0.322664092505654,0.0149997535134614
1492,0.322513895119923,0.0148068096872936
1493,0.31832121580115,0.0147981949755011
1494,0.317937666082899,0.0147942764896079
1495,0.317853411969261,0.0146812100206213
1496,0.317716016849908,0.0147634785044011
1497,0.317461534461107,0.0147957820910835
1498,0.317121141659412,0.0149384672091568
1499,0.316712401947231,0.014931445187278
1500,0.316567584303962,0.0149497086045398
1501,0.314664124727004,0.0149696114601381
1502,0.312941847908044,0.0148454046450707
1503,0.312429164612105,0.0148701600465342
1504,0.311880605721938,0.0148841995307932
1505,0.310565232146187,0.014895699371946
1506,0.309348372955782,0.0146409237488112
1507,0.309189532734972,0.0147310107771211
1508,0.308687192210171,0.0147897199428015
1509,0.308194433451136,0.01466303184402
1510,0.308248841961596,0.0153363807245039
1511,0.30778276453844,0.0153402157199478
1512,0.30740473033639,0.0152422792333423
1513,0.307208594907885,0.015196987749251
1514,0.306880670027109,0.0151752568996973
1515,0.305730573683077,0.0151542461595372
1516,0.305269564233823,0.0151211931895145
1517,0.304822054556085,0.0150734982753887
1518,0.304151612558133,0.0150770468272543
1519,0.303872449637813,0.0150150308371835
1520,0.304536653003712,0.0149871640418559
1521,0.304206454234776,0.0149771422670644
1522,0.303482861664249,0.015183497998119
1523,0.303041682032312,0.0150323715658595
1524,0.30228338430454,0.0149078861657089
1525,0.300256632956888,0.0149389905979202
1526,0.299431663108373,0.014989213432775
1527,0.298916980098767,0.0148962854310312
1528,0.298411568171474,0.0148738833893196
1529,0.297938318590118,0.0147617748583365
1530,0.29750410587621,0.0147296445962838
1531,0.29729015709357,0.0147753251365919
1532,0.295155231973001,0.0146751012240974
1533,0.294439857708834,0.0145423224903678
1534,0.293989302825987,0.0145385459169741
1535,0.293423087197003,0.0145072029231709
1536,0.293172921162322,0.0144964665989318
1537,0.292661375638077,0.0146134965566943
1538,0.292196357333585,0.0146513085498034
1539,0.291856277570505,0.0145888464001492
1540,0.290454424808762,0.014464730066223
1541,0.290492664692484,0.0144558089782965
1542,0.289382899317158,0.0144651218059647
1543,0.288258210542785,0.0144764813270117
1544,0.287767866392271,0.0144636793242565
1545,0.286139780145108,0.0143589419395228
1546,0.286001241682918,0.0143133897822281
1547,0.284395685066919,0.0142538499039936
1548,0.283445377010944,0.0141823341127644
1549,0.283125912875829,0.0141947348754481
1550,0.281911007332004,0.0140943715944289
1551,0.280966748373149,0.0141323832632505
1552,0.280047381195912,0.0140426025242776
1553,0.279721121735087,0.0139672381376432
1554,0.27858483741749,0.0139075441390549
1555,0.278072945160857,0.0138645632443281
1556,0.27766830783097,0.013745423568003
1557,0.277766537432185,0.0137255137403579
1558,0.275746805596514,0.0137207497705427
1559,0.275261589139945,0.0136629402874844
1560,0.274773989688241,0.0136687569925799
1561,0.273880807306304,0.0136163054336005
1562,0.273396951376978,0.0134677218894311
1563,0.272969827384804,0.0133945427649146
1564,0.273428181447333,0.0134953332333148
1565,0.27412581263157,0.013483864312187
1566,0.273835178131648,0.0150943909564902
1567,0.27336576402312,0.0150609657916366
1568,0.272961977865241,0.0150540630830462
1569,0.272581300622357,0.0148511953332409
1570,0.272813612212496,0.0149582574844785
1571,0.272484795657756,0.0148645150307453
1572,0.271924943504255,0.0150651066329617
1573,0.271288957791484,0.0149794717286139
1574,0.270836373071987,0.0151978208538885
1575,0.270417548389833,0.0151717104249652
1576,0.269881868775038,0.015193019496214
1577,0.26921656661097,0.0151918736032056
1578,0.268807752481752,0.0154801415262068
1579,0.267492226805537,0.0154050155610208
1580,0.267262836096629,0.0153676602971652
1581,0.267488478553387,0.0151571454658996
1582,0.267098951819908,0.0151060010225308
1583,0.266731584453083,0.0147056499784294
1584,0.266249601721719,0.0146937081416818
1585,0.26569117692056,0.0147296527771122
1586,0.265273532633459,0.0146755764148809
1587,0.265022721602014,0.0146594336448918
1588,0.264579495114219,0.0145734094517504
1589,0.264187153509272,0.0144362368072259
1590,0.263760696752396,0.0143671118733181
1591,0.263367265422758,0.0142302596197412
1592,0.262950197106089,0.0141806795947939
1593,0.262433337804986,0.0141783623144151
1594,0.262014273148061,0.0141945045645056
1595,0.26170015358541,0.0141648229730454
1596,0.258596327748353,0.0140912446151952
1597,0.258241342701374,0.0141175013260367
1598,0.258212476688286,0.0141602260563915
1599,0.258984844231896,0.0142970163052709
1600,0.258693537760835,0.0142560313990582
1601,0.258196994720293,0.0142376630282854
1602,0.25773482996668,0.0141298724287942
1603,0.257252566214792,0.01411559584245
1604,0.256903359304354,0.0140624842180394
1605,0.25652156752784,0.0140757167274198
1606,0.25625143868574,0.0140887034302328
1607,0.255927862389122,0.0141268009772025
1608,0.255506323931781,0.0140814340199623
1609,0.254867461376898,0.0141588890633653
1610,0.254190774253105,0.0141388939272978
1611,0.253665146989748,0.0140285363025744
1612,0.247484257615753,0.01386218718722
1613,0.247122253771933,0.0137021840316515
1614,0.246794891868447,0.0135870948550791
1615,0.246385113261966,0.0134617103241635
1616,0.245988901187224,0.0134112329040814
1617,0.245620019283866,0.0133837507319579
1618,0.245362712109645,0.0134192372230654
1619,0.245165866764212,0.0132730491959852
1620,0.244491242512869,0.0131639527438661
1621,0.223787645284223,0.0131485420817474
1622,0.223549481681579,0.0130250083542281
1623,0.222770777867945,0.0131019293566451
1624,0.222645504456886,0.0130368040985054
1625,0.222333214264861,0.0129507576607329
1626,0.221626081383779,0.0129729189085554
1627,0.221126483052488,0.0130004616675852
1628,0.220944230438749,0.01280379264453
1629,0.22034090505481,0.0127834446412025
1630,0.2197235982284,0.0126838914693511
1631,0.217381239257668,0.012815723214677
1632,0.217161313098279,0.0127649983918288
1633,0.216831833278431,0.0127024024091399
1634,0.216431206133414,0.0126459518751092
1635,0.215940554177916,0.0126105947766675
1636,0.215564864263279,0.0125392435483346
1637,0.215010030317088,0.0125950518103677
1638,0.214490484403613,0.0124272768499977
1639,0.213949673988629,0.0123231256986731
1640,0.213677652672132,0.0123044096555108
1641,0.212691460338069,0.0124015484315773
1642,0.212469109592868,0.012232303150749
1643,0.212064404480037,0.0121673067445952
1644,0.211467699747927,0.0121524852338135
1645,0.211140397750973,0.0120732758098657
1646,0.210893593164931,0.0120453611738855
1647,0.210654222306621,0.0120098002054772
1648,0.209293698255691,0.012010962430221
1649,0.2088562749666,0.011999378945098
1650,0.208739616822193,0.0120987779958622
1651,0.208374837782819,0.0120375869412951
1652,0.207831818770628,0.0119293678587455
1653,0.207636916842444,0.0118889947989377
1654,0.207695770983274,0.0118619933374182
1655,0.207419708610678,0.011836252451934
1656,0.207102319377231,0.0118397115925048
1657,0.2083533163031,0.0116848277200117
1658,0.207975848790502,0.0115368112282697
1659,0.207614317573596,0.011484429461839
1660,0.207273661561613,0.0112763509516549
1661,0.207122661765241,0.0112188845565072
1662,0.206597535827947,0.0112363864207714
1663,0.206264262485813,0.0112650185822317
1664,0.205885687183617,0.0114155905646831
1665,0.205460275132004,0.0114511592459672
1666,0.20515110317802,0.0113965148136622
1667,0.204890078249839,0.0114416137500628
1668,0.204491861690602,0.0115173548284882
1669,0.203822785337514,0.0113308796725779
1670,0.203248855252502,0.0112971919016896
1671,0.200888070041685,0.0112747457184529
1672,0.199703129174451,0.0112213981796159
1673,0.199418073989786,0.0111666583208692
1674,0.199255813789439,0.0110977409896151
1675,0.199072464274342,0.0111331713545766
1676,0.19869872909112,0.0111046662304505
1677,0.197743521311028,0.0110580948676824
1678,0.19716075102319,0.0110970884326288
1679,0.197107359660584,0.011185323768533
1680,0.196837616680839,0.0111574831784278
1681,0.196618249930513,0.0111317318079861
1682,0.196237772847164,0.0111662928017613
1683,0.194657144842501,0.0111096233531849
1684,0.194558139013764,0.0111668221907541
1685,0.194401120520642,0.0111612112676201
1686,0.194146712902481,0.0112655340248532
1687,0.192662501561754,0.0112782589664371
1688,0.192433719388848,0.0111726091927394
1689,0.191919018024074,0.0111318297452995
1690,0.191479278214968,0.0110726323113262
1691,0.191176990511551,0.0110147993578625
1692,0.190633110854249,0.0109297743926744
1693,0.190279522239437,0.0109435965861705
1694,0.189949162487817,0.010903849942029
1695,0.189515412986807,0.0109496082605212
1696,0.189217135229368,0.0109439618141488
1697,0.188589784969461,0.0109059699827427
1698,0.18825038929372,0.0108626936604866
1699,0.187382707042918,0.0108105871263057
1700,0.184589077650887,0.0107811003360676
1701,0.181221289051953,0.0107372185932518
1702,0.180482767042765,0.0106746913044322
1703,0.179460434140593,0.0102988046098658
1704,0.179217156270158,0.0102610408430703
1705,0.178771566920172,0.0103938893153879
1706,0.178469511520966,0.0104506942927992
1707,0.177859617466407,0.0102152201746746
1708,0.177561294575908,0.0102227660914878
1709,0.177060246610948,0.0101676539976884
1710,0.174436570652241,0.0102332620063414
1711,0.17358756926647,0.0102208696259967
1712,0.17287298222762,0.0101020402119589
1713,0.172715034424521,0.0100987780579816
1714,0.171916200765075,0.0100847656050515
1715,0.171759811928725,0.00995064252206879
1716,0.171577750870536,0.00977462246732816
1717,0.171060310371412,0.00974323925614401
1718,0.170687078221079,0.00949364901562258
1719,0.169261229778271,0.00946101911284047
1720,0.168716238767695,0.00953512770324758
1721,0.168448861508649,0.00960863915107157
1722,0.168167259156084,0.00962401236727725
1723,0.167865385275632,0.00968070517647118
1724,0.164668457488995,0.00961030787206543
1725,0.163947359599074,0.00969292900301144
1726,0.163357288528383,0.00964523921451796
1727,0.163046363341583,0.00963184919436982
1728,0.163751068182507,0.00959122154573791
1729,0.163119497771698,0.00955798791741405
1730,0.162670168186798,0.00943356547151986
1731,0.162320130502566,0.00945396732827594
1732,0.162014759168447,0.00955321101984724
1733,0.16179033996641,0.00958730412440836
1734,0.161566093316082,0.00946926676446724
1735,0.161380661728143,0.00943375571068691
1736,0.161053033377661,0.00943760260571089
1737,0.158230603662897,0.00948395386437711
1738,0.157281242656351,0.00942914744771708
1739,0.156978792621352,0.00940385126902854
1740,0.155190918658185,0.00944103880980937
1741,0.153238391312372,0.00934020597657642
1742,0.152976236170197,0.00932964719545595
1743,0.15240097406301,0.00933642214919919
1744,0.150989775420451,0.0093064499055372
1745,0.150281282361411,0.00931680862366255
1746,0.14931647477677,0.00925417382975208
1747,0.148849537146729,0.00935609346697
1748,0.147531129194855,0.00929624656581196
1749,0.14712848278909,0.00929797045600708
1750,0.14649059349355,0.00927195417755741
1751,0.146069078445519,0.00929111497404164
1752,0.145938519603734,0.00936466117796114
1753,0.145371999689357,0.00931923242658853
1754,0.14461006777356,0.00937911955029047
1755,0.144250473592293,0.00930741323176917
1756,0.143748624940676,0.00936985086054426
1757,0.14335584972104,0.00927782175348649
1758,0.141658114466957,0.00916150595297263
1759,0.140793085503961,0.00917008975044131
1760,0.140407868874586,0.00910497396696927
1761,0.13922071757134,0.00905920696386203
1762,0.139141061966264,0.00897351042258357
1763,0.138666665173924,0.00888670625032084
1764,0.138252002317445,0.00878778929446863
1765,0.138064142428449,0.00879061925524868
1766,0.137541953563787,0.00872818815060811
1767,0.137286286456562,0.00861413478585296
1768,0.136719000837623,0.00861401218464231
1769,0.136161477048258,0.00858146790875289
1770,0.135672156521376,0.00859849937873197
1771,0.135663813660789,0.00859276655576771
1772,0.135346667342926,0.00865711388403023
1773,0.134999027545158,0.0085675166812087
1774,0.133562801471136,0.00848827761324253
1775,0.133042274398329,0.0084375163424803
1776,0.132760247339293,0.00837376337296017
1777,0.132194986897766,0.00833101191312158
1778,0.131824205788027,0.00831537871914634
1779,0.131387136885027,0.00813663672847528
1780,0.130908073521936,0.00798725993032565
1781,0.130489156514382,0.00793224801145814
1782,0.129884731145204,0.00807252458414434
1783,0.129527292677572,0.00814005744030522
1784,0.129168413623709,0.00813790713655491
1785,0.128726272678418,0.00809301910734955
1786,0.128464450555581,0.00803534855519675
1787,0.12765106230816,0.00799383362478703
1788,0.126490615143942,0.00794120384397901
1789,0.125711709938106,0.0078720429677582
1790,0.125464031454858,0.00789266943212458
1791,0.12500479640591,0.00785137517796566
1792,0.124568046041319,0.00787084490431333
1793,0.124122167228721,0.00779143309442418
1794,0.123719608528537,0.00777036871482278
1795,0.123258609919847,0.00776258864976981
1796,0.122984855613185,0.00775176509669254
1797,0.12221918863085,0.00769620179483088
1798,0.12082684991287,0.00762970305178065
1799,0.12048188336481,0.00771948028887254
1800,0.118183317118899,0.00763459125779101
1801,0.117394485430249,0.00767861717656415
1802,0.116558795624175,0.00747978941276861
1803,0.116290152715213,0.00738926188191155
1804,0.115713372002844,0.00727953392155484
1805,0.115240036177329,0.00730699277006322
1806,0.114755678198886,0.00720489306861105
1807,0.114423697304085,0.0071892578304823
1808,0.113687791733621,0.00705960788721735
1809,0.113259051746084,0.00699192267371215
1810,0.11320130980011,0.00699841109759752
1811,0.112673808286961,0.00700399596449233
1812,0.112411541204637,0.00696119639290249
1813,0.112069142201422,0.00696454657837206
1814,0.111727714772908,0.00695443791577205
1815,0.109360958344617,0.00718564303110983
1816,0.10448665413545,0.00709366491116839
1817,0.102229641713872,0.0070140738513661
1818,0.101851065333913,0.00697140430545404
1819,0.101314754245912,0.00694036423438443
1820,0.101081219442478,0.00694916766309919
1821,0.100584151514207,0.00689891004757692
1822,0.10030030114155,0.00682464940755376
1823,0.100221762235644,0.00671365293003773
1824,0.100023265943992,0.00680722388220972
1825,0.0995217949520293,0.00677581639754701
1826,0.0991045313700289,0.00671316445226666
1827,0.0988314312580667,0.00667908366860201
1828,0.0983753712073865,0.0062096871211394
1829,0.0980187967880888,0.00615198305454803
1830,0.097592180667778,0.00610718428290979
1831,0.097316007354397,0.00604161960147587
1832,0.0968099895416932,0.0058602389289942
1833,0.0965685119942798,0.00606265714473769
1834,0.0963909975261772,0.00592831391148566
1835,0.0959896361214154,0.00592543856288988
1836,0.0962157939651367,0.00589149901863428
1837,0.0988467405354811,0.00589174167881565
1838,0.0984266164904242,0.00591973602343596
1839,0.0980181517951115,0.00591971690372955
1840,0.0974883232990675,0.00592673592628282
1841,0.0970625240710983,0.00592772754025384
1842,0.0965552696586882,0.00636114038512456
1843,0.0956949466958505,0.00631188128442778
1844,0.095398408115412,0.00627471784221537
1845,0.0950734567061355,0.00622650604808028
1846,0.094296549296647,0.00620137499196871
1847,0.0937841693194865,0.00605864281946386
1848,0.0932632438770205,0.00609263141384514
1849,0.09296522531554,0.00560593222348119
1850,0.0915477795369561,0.00552279509970288
1851,0.0899661590886636,0.00551952324956681
1852,0.0896897509021648,0.00536060751742423
1853,0.0897388536679686,0.00526256740690928
1854,0.0898206652455802,0.00531807286509015
1855,0.0891820492335962,0.00526170003142334
1856,0.0878325007744432,0.00514552607224258
1857,0.0875120999799412,0.00505102577456557
1858,0.0874151194279371,0.00481135385124989
1859,0.0873257655858244,0.00467475942922513
1860,0.0870300471604304,0.00460333495160914
1861,0.0865456765007619,0.0045126463756959
1862,0.0864950086276817,0.00447830751997463
1863,0.0863497594226914,0.00453788090685983
1864,0.0858930799133237,0.00443303403478471
1865,0.0854503428898099,0.00441823965569299
1866,0.0853276150702584,0.00432751337079471
1867,0.0849535909686858,0.0041433730391261
1868,0.0844823496711247,0.00405838692641319
1869,0.0839983098183141,0.00397313119156453
1870,0.0832344935170515,0.00404962584990687
1871,0.0827545567493073,0.00409040360915222
1872,0.0813510476718242,0.00404147797920801
1873,0.0810237773271012,0.00404286192240591
1874,0.080753314173563,0.00397905974044255
1875,0.0802931953419488,0.00397870072376538
1876,0.0788955227975296,0.00410946647026764
1877,0.0790307401381976,0.00406332275939142
1878,0.0786590668825558,0.00390564997453993
1879,0.0782879638914393,0.00390257821758921
1880,0.0755267996695055,0.00377703185907294
1881,0.0744355512845229,0.00384722556780298
1882,0.0688199314058993,0.00387618715024779
1883,0.0684304926599151,0.00388054999841594
1884,0.0681085120514588,0.00397809743178867
1885,0.0680001183888448,0.0039040266880824
1886,0.0677999299622012,0.00383112372471456
1887,0.0679765867565088,0.00385063117050535
1888,0.0676593948418278,0.00380081450040637
1889,0.0676068991562919,0.00378091706819214
1890,0.067421280239488,0.00382312482166566
1891,0.0669735652053489,0.00383612153054397
1892,0.0666287587774039,0.00381258486944952
1893,0.0663326754059714,0.00370895492332948
1894,0.0656991028241738,0.00404178241638009
1895,0.0653914856129114,0.00404052999110691
1896,0.064447480363276,0.00399471569393678
1897,0.0639446975708633,0.00399710631439426
1898,0.0620230279074003,0.00405207513666186
1899,0.0615615379914172,0.00408322413035989
1900,0.0609702597697577,0.00427984867889672
1901,0.0605055338396732,0.00426869317543449
1902,0.0599969605773663,0.00420497014235835
1903,0.0596706995669642,0.00415943433496768
1904,0.0596395078890144,0.00417087443003017
1905,0.0590186055020787,0.00411481591803939
1906,0.0583940587082861,0.00399538444816055
1907,0.0580297873454094,0.00401381250775404
1908,0.057379117411638,0.00398523166911813
1909,0.056923854848953,0.00394297220719173
1910,0.0559579789719133,0.00384830977851941
1911,0.0555172279500631,0.00390719466775707
1912,0.0535714213452809,0.00386103053567169
1913,0.0522497313776111,0.00385365491764544
1914,0.0522527770501462,0.00369205671351011
1915,0.0524244206420688,0.00364528430243088
1916,0.0521099485125649,0.00364683195091545
1917,0.051878196594654,0.00359663919350628
1918,0.0499549133884918,0.00353180888028812
1919,0.0495647134367638,0.00351504918926479
1920,0.0494004371572829,0.00342194298221118
1921,0.0494738192194761,0.00333799292117715
1922,0.049597708401051,0.00333985411343332
1923,0.049283040910661,0.00335200294049953
1924,0.048899821259653,0.00337132922739733
1925,0.0483909027631968,0.00334718607105683
1926,0.0480126700873014,0.00342096870958847
1927,0.0475959426611789,0.00339707669353476
1928,0.0477994034447464,0.00328154111617518
1929,0.04740566330767,0.00314148445485227
1930,0.0471161330719569,0.00313328185755229
1931,0.0454106448504459,0.00304731997137822
1932,0.0451184649300591,0.0030531630292896
1933,0.044901946085788,0.00312611907097382
1934,0.0446120331127193,0.00302529560018969
1935,0.0441413786175786,0.00303449426430619
1936,0.0436447497311261,0.00302966673540297
1937,0.0431684670780217,0.00305256537946552
1938,0.0426701301793466,0.00308129155675493
1939,0.042454246602488,0.00315251369898845
1940,0.0423182208205428,0.00319716630210556
1941,0.0422760289577833,0.00300114543269273
1942,0.0427795842768595,0.00297316819836779
1943,0.0429764933933876,0.00302453484438833
1944,0.0441970489967893,0.00326761606418174
1945,0.0437866273072509,0.0030088315396857
1946,0.0434491853244254,0.00301656628152414
1947,0.0431610887475435,0.00301491384006389
1948,0.0425714934629131,0.00294515698659711
1949,0.0424693100401228,0.00286468318693586
1950,0.0420620148298452,0.00275599370212293
1951,0.0316924466579342,0.00264709885026485
1952,0.0314519040461785,0.00256880566573758
1953,0.0310582542852154,0.00250964940715356
1954,0.0307816916535479,0.00245682045613765
1955,0.0297438420474361,0.00243952292899891
1956,0.0289816551772384,0.00209094621444553
1957,0.0284791974827934,0.00199599661443961
1958,0.0278614146974141,0.00196570894622225
1959,0.027177977036319,0.00198883726888494
1960,0.026815957295212,0.00190536550069356
1961,0.0264723911497686,0.00190545373114126
1962,0.0259823986460765,0.0019429948624525
1963,0.0255920654603679,0.00186169850447024
1964,0.0251069118124623,0.00197601598394964
1965,0.0246733396727372,0.00196909060528741
1966,0.0241549546419804,0.0019353873047111
1967,0.0236473247994362,0.00198654304101728
1968,0.0231549038127952,0.00210087019459687
1969,0.0227352867263346,0.00201849051625827
1970,0.0221499481398153,0.00191450261675066
1971,0.0218029189426208,0.00173828117726826
1972,0.0215318796730697,0.00176111847417568
1973,0.0208902821120962,0.00172850163583044
1974,0.0203412701551455,0.00168249712456583
1975,0.019879409196915,0.00164714679779454
1976,0.01946315070641,0.001407294693308
1977,0.0185473135477672,0.00149001189359699
1978,0.0172217430161594,0.00147934460493779
1979,0.0168000351793505,0.00149797225862208
1980,0.0123233070727695,0.00148282118019075
1981,0.0111011615880867,0.00157587144588434
1982,0.011029697887218,0.00152644185547832
1983,0.0107594084133953,0.00142857723319462
1984,0.0102967354236125,0.00140068113694863
1985,0.00781247968512089,0.00130224349363919
1986,0.00652544371297914,0.00123076453092852
1987,0.0062902046232951,0.00107301948724056
1988,0.00579764688167539,0.000805114218261294
1989,0.00541107875030455,0.000746304167159734
1990,0.00503408263201521,0.000737704242047332
1991,0.00454098619521259,0.000342835053200735
1992,0.00433264141440493,0.000304541280409437
1993,0.0038106009731278,0.000303549587399365
1994,0.0034188230674439,0.000185036089811602
1995,0.00223375847153484,0.000262364189358655
1996,0.00184635542847356,0.000206586746469645
1997,0.00178605841576562,0.00029769139317154
1998,0.00146679330442412,0.000159692069805067
1999,0.000303176048888965,0.000145883980876255
2000,0,0
